1320	1983776
1315	2887172
1316	2631881
1317	4295286
1318	3117148
1321	2586124
1322	3105714
1323	5949266
1324	79145522
1325	6182666
1326	13343993
1319	5727890
1327	7176965
1328	131427989
1329	3348526
1330	16697276
1331	22865955
1332	84263606
1137	115879721
1138	22372367
1333	88081138
1334	17013533
1335	3313180
1336	6085502
1337	30912285
1139	76498300
1140	20899898
1338	55607795
1339	2442748
1341	92731836
1342	38976511
1343	27471779
1340	96536637
1344	5213147
1345	14855806
1346	14269132
1686	28000517
1687	35355004
1688	117141254
1689	65841938
1690	45194548
1691	66599557
1692	61447491
1693	60189685
1694	13388968
1695	53532240
1696	34118311
1697	24880641
1698	14278741
1699	16222706
1700	15706174
1701	30873502
2090	79160617
2091	74573919
2092	105505472
2093	126399318
2094	103036277
2095	62011851
2096	62099954
581	91545882
580	158783839
579	297075904
578	113112978
577	75507025
576	44842259
575	112250167
574	127023740
573	172768413
572	134227685
571	63610213
1583	98023356
1584	68115500
1585	74824107
1586	30037420
1587	74936627
1588	152238077
1589	44202316
1590	47142008
1591	47865543
1592	43319496
1593	35907660
1577	30330340
1578	93052373
1579	58432512
1580	57926291
1581	70099703
1582	85540522
50	22067226
51	42182897
52	35384481
53	71921822
59	23621652
60	11322637
61	14434290
62	36264304
63	56564556
64	113547768
65	36270743
76	23867859
77	14215803
78	21997207
79	17519209
80	28973503
81	19644394
82	7974834
83	42514523
2069	18256528
2070	380600331
2071	233241278
2072	3191677
2073	150551259
2074	106881247
2075	204642695
2076	147913711
2077	74494342
2078	116187001
2079	8133087
2080	225963374
2081	8759580
2082	218454447
2083	8596048
2084	47496875
2085	158423234
2086	138216348
2087	147191596
2088	73358604
2089	10620279
22	107135281
23	122463144
24	123109969
25	232432275
26	59083911
27	339987232
28	49913634
29	176863330
72	190265711
73	266441352
74	152466298
75	99567471
167	79434349
168	72976402
169	87548701
170	251347426
171	82239404
172	193612333
173	187634968
174	118746481
175	116968617
176	213198980
177	126788115
178	112108038
179	87315319
180	87344634
181	72540959
182	202509635
183	205106472
1530	219535822
1531	241616179
1532	102458922
1533	146380661
1534	108515931
1535	265403434
1536	113483512
1537	142138550
1538	279647492
1539	14418525
1540	81885354
1541	28506693
1542	121901747
1543	87055638
1544	11006740
1545	83379381
1546	25066873
1547	159896558
1548	15140945
1549	331356226
1550	28739412
1551	92714840
1552	19304585
1976	6953911
1975	36864738
1974	16982527
1973	37191218
1972	3424762
1971	2428743
1970	2567665
1969	6493826
1968	2166819
1967	3228871
1966	30198113
1965	21702053
1964	80836873
1963	98425702
1962	45598646
1961	9989064
1960	8121809
1959	42790779
1958	38858131
1957	10509526
1956	58313668
1955	1332161
1954	4500005
1953	23012970
1952	67239002
1951	68846487
1950	4764240
1949	65008422
1948	18250815
1947	6040927
1946	2839293
1945	10392809
1944	1737011
1943	65735815
1942	17924976
1941	28192178
1940	20133681
1939	14961534
1938	8472997
1937	50082384
1936	5296746
1935	5506121
1934	1727922
1933	25431025
1932	129717472
1931	8324868
1930	2489190
1929	110965489
1928	2339420
1927	3786714
1926	27182543
1925	1856052
1916	83151644
1915	1651941
1914	3504953
1913	9610063
1912	1713106
1911	63054218
1910	38430647
1909	8626699
1908	34407029
1907	9014630
1906	2370100
1905	25453393
1898	48217663
1897	9951694
1896	2497214
1398	155062988
1399	63061519
1400	20977158
1401	35836543
1402	9092152
1403	20828123
1404	214901816
1405	25919557
1406	81874993
1407	40329903
1408	40023399
1409	81481084
1410	6183159
1411	26268869
1412	62288983
1413	32551444
1414	29479949
1415	19321253
1416	7271357
1417	5022853
1418	23433177
1419	13190566
1420	11090546
1421	32387228
1422	63580527
1423	68794888
1424	20356762
1425	10062505
1426	26747489
1427	50762870
1428	35620141
1846	4392975
1840	4118339
1839	6973534
1837	18895560
1836	9067285
1830	9761995
1829	4220977
1828	10476274
1827	7005499
1826	12048753
1825	38762380
1824	117900559
1811	7563944
1855	20188723
1850	23296514
1848	3866608
1810	4789844
1872	22542063
1871	5821604
1870	3785374
1823	6343469
1822	30430093
1821	3196865
1869	2190644
1868	75858667
1854	21215305
1853	2114392
1852	1037290
1847	2885307
1851	6118506
1849	4696976
1867	80917765
1866	69188536
1865	66541283
1820	59291035
1819	56675599
1818	25272977
1817	9804665
1816	4708523
1864	12681574
1857	5097564
1856	20177319
1815	10949167
1814	6075390
1813	13643789
1812	11133490
1254	355475812
1255	29007397
1256	24971001
1257	95954626
1258	10571110
1265	123938126
1266	55027936
1267	32388522
1268	27251934
1269	3939534
1270	14745944
1271	17909229
1272	13466950
1273	16329002
1274	12769072
1275	130813747
1276	23732187
1277	46252233
1278	25611603
1285	49637283
1286	95129799
1287	3917231
1288	19498888
262	306135939
263	349928986
264	147469178
2640	41391350
2639	98399766
2638	198308473
2637	98146204
2636	61075900
2635	487798089
2634	63674288
2633	16114629
2632	33633046
2631	69460884
2630	32921059
2629	93027093
2628	90794216
2627	921245180
2626	115977319
2625	161435736
2624	24787920
2623	72669855
2622	7625673
2621	33617386
2620	58396699
2619	32056971
2618	22326532
2617	37191768
2616	31217994
2615	23619282
2614	19704907
2613	54188730
2612	12790160
2611	43713443
2610	274732372
2609	65766475
2608	63798319
2607	9945861
54	162527310
55	129621566
56	40755030
57	111781389
58	99647478
66	55747721
67	172652844
68	89214445
69	94718028
70	86251384
71	66410357
435	77213967
436	49190027
425	26038853
438	4770037
439	84173056
440	9080785
437	8433818
441	11099399
442	66341699
443	11632231
444	4457269
445	12846546
446	35154298
458	3158178
459	86322171
452	4868915
453	70492287
460	7581291
461	37834832
462	5521382
463	1682884
474	7286721
454	1822618
475	61653157
411	32552645
410	54972674
412	27380013
413	28416051
414	5401662
419	50851606
420	13751388
421	28545988
415	3228067
416	14217251
417	21164783
422	4751704
423	21844812
418	1099827
424	66223303
434	7466256
1364	193676638
1365	41368914
1366	72265176
1367	48048536
1368	48522798
1369	90187575
1370	191973047
1371	75558096
1372	112153615
1373	82768128
1374	134408047
1375	93933594
1376	69259529
1377	94811003
1378	104409161
1379	132194771
1380	188160848
1381	64405021
604	75301874
605	184263884
606	244889299
607	115074875
608	93032625
609	24123082
610	63678613
611	64979065
612	53274001
613	79437530
614	63368299
615	73038877
616	37693958
617	36362681
565	97047455
564	84855468
563	96299265
562	179830959
561	83312072
560	62881819
253	38492418
254	23707232
255	35091183
256	43460561
257	178560665
258	159481275
259	45647015
260	39307202
261	7558826
1502	69631045
1503	93693565
1504	47764986
1505	31486065
1506	125586484
1507	9363791
1508	51579111
1509	96768778
1510	71901757
1511	55723491
1512	16684601
1513	7753224
1514	28752140
1515	35001734
1516	11264762
1517	45187827
1518	21101608
1519	48495065
1520	6719225
1521	50053392
1522	56498375
1523	9211218
1524	54511028
1525	65382334
1526	46482622
1527	5322799
1528	28606661
1529	21934848
426	49959181
427	102541586
428	137609045
429	187974058
430	54244339
431	75751756
432	97503559
433	97283321
447	7663299
448	59669418
449	63778451
450	54056556
451	121150553
455	36805872
456	87004016
457	197420808
464	76168738
465	6083985
466	61193865
467	109871198
468	54486268
469	60176606
470	207829445
471	100842234
472	288168119
473	74785498
270	97316007
271	36270427
269	89971709
279	46403236
280	86852475
281	143882818
282	205152646
283	18946231
284	189989869
285	4212042
286	7124347
287	44652617
288	8885980
289	46486780
291	30535276
292	110519773
293	8437629
290	31459115
294	5006448
295	139012948
296	8000219
297	194952216
298	266659540
299	84840342
300	13473804
301	42359642
302	43180863
2659	78903418
2658	412078865
2657	64912688
2656	7004920
2655	4565119
2654	1502629
2653	1938361
2652	1066540
2651	1524571
2650	4305228
2649	2082353
2648	3076360
2647	3891941
2646	2069482
2645	22639191
2644	9992393
2643	2631644
2642	4033139
2641	2583668
2688	30606861
2687	3785245
2686	4672242
2685	9232552
2684	6830445
2683	2706926
2682	3482006
2681	7837193
2680	2432450
2679	168417659
2678	5195571
2677	6094930
2676	82977387
2675	48328098
2674	5544418
2673	57629847
2672	3936756
2671	125256527
2670	217549840
2669	3447763
2668	7956227
2667	8130783
2666	7397743
2665	86418993
2664	3660385
2663	49181107
2662	78689317
2661	32780402
2660	3774598
266	43043385
267	168173353
268	239240084
265	19147275
275	70065690
272	91397368
273	101487210
274	235164918
276	154675827
277	93146149
278	148503314
2018	73870275
2019	92255088
2020	57092295
2021	503863748
2022	308995770
2023	883444022
2024	296933032
2026	61665171
2027	54774656
2028	119318748
2029	218798352
2030	984849109
2044	118471622
2045	29475541
2046	147700390
2051	94769256
1630	36427342
1631	54526003
1632	55114980
1633	44571963
1634	11102342
1635	83587951
1636	13195206
1637	23974937
1638	40753990
1639	20046907
1640	47979998
1641	6020220
1642	37932410
1643	17494994
1644	35162542
1650	3074906
1651	23628400
1652	10782982
1653	30271925
1654	43950663
1655	11375787
1656	8618079
1657	4511806
1658	4242276
1659	48883371
1660	26021113
1661	46501867
1662	9092690
1663	4198969
1664	42998725
1665	55333150
1666	98219038
1667	43213252
1668	59711338
1669	91729263
1670	49428590
1671	2900629
1672	4805614
1673	127151397
1675	3732011
1676	3747600
1677	82316707
1442	56821423
1443	57856410
1444	101551664
1445	25185582
1446	88876099
1447	72596250
1448	59129497
1449	9540768
1450	34496237
1451	37578925
1452	38204333
1453	36156492
1454	10280132
1455	63403495
478	123717890
479	94754571
480	99427380
481	53993930
482	287400897
483	129155221
484	191983366
487	142386082
488	139089931
489	88277129
496	57784086
497	142130665
498	100739790
500	28583455
501	61966010
502	68821537
504	96841142
505	78139954
506	142466478
356	50907434
355	5081049
354	19151316
353	4135187
352	6559070
351	3141051
350	1750322
349	53905220
348	6027514
347	63144875
346	78585453
345	18832414
344	1981536
343	1727867
342	32522891
341	20489392
337	14637353
336	15245178
335	2507841
334	12733045
333	28012080
332	8798991
315	5310109
314	5114759
313	7051323
312	20503397
311	6116201
310	26138555
309	7873650
308	1540787
307	8393103
398	3484341
397	127312783
396	10534135
395	3398385
389	1490523
388	2997418
387	1529997
386	2707047
385	1661990
384	1383134
383	1376441
382	3825762
381	2193109
380	2264130
379	2275014
378	811850
377	2490375
376	6461293
375	2080344
374	6223530
373	4349112
372	15047693
371	21303954
370	6299349
1758	138385755
1759	26594382
1760	142294652
1761	4502271
1776	17659034
1777	3638640
1778	91512470
1775	100707624
1779	61690684
1780	31792703
1781	86984558
1782	149047147
1783	84532239
1784	3588973
1785	4660801
1787	74178614
1796	66344249
1797	65063562
1786	31187595
1798	20791769
1799	106903445
1064	46716610
1063	4376683
1060	9459050
1059	2645893
1058	6572394
1057	12770717
1056	10689879
1055	3510359
1054	15342357
1053	2428662
1052	17905251
1051	8030025
1050	6500701
1040	5010751
1049	2772802
1048	16831786
1047	25040030
1046	14503840
1045	17789501
1039	6248664
1038	4513224
1044	5988345
1037	7751738
1043	7156935
1042	6882783
1036	2697511
1035	5559796
1034	47266131
1041	2999167
1033	3995810
1032	2883895
1031	7148124
1030	10927065
1029	14471966
1028	24460005
1027	2623100
1026	3499819
983	5817228
1071	14446025
1070	3902531
1025	4541157
1024	2352604
1062	2211287
1061	3474891
1176	9674216
1023	1975671
1022	2878742
1021	2348661
1020	9083182
1069	1904281
1019	11391486
1018	6763240
1017	5212004
1016	4405750
1015	4232564
1014	3359752
1013	2578752
1012	9677130
1011	2731181
1009	3011000
1008	3019012
985	3495479
1175	2140288
1184	10853531
984	38112752
1183	78689537
1182	13971128
1181	32007783
1180	7894352
1179	22185770
1178	12945700
1177	5312136
1174	2132489
1173	12128543
1172	23611189
1171	2902365
1199	3556363
1198	21836776
1197	1698293
1170	1248784
1196	2943098
1195	7143090
1200	3148312
1194	3128523
1193	14266710
1190	1584324
1188	1406564
1187	1421939
1186	2027723
1185	4744423
1189	1093976
1192	1168004
1191	19905657
1075	47259503
1074	30305105
1073	22113777
1072	22985607
1068	9439102
1067	12045824
1066	9579808
1065	37460981
1279	85605309
1280	138003712
1281	118437859
1289	37811478
1290	65867686
1291	119899218
1292	56853266
1293	48338155
1294	5993670
1295	58976196
1296	32715067
1297	94393225
1298	47157914
1299	101162217
1300	27691660
1301	88083444
1302	94186445
1303	59515473
1748	10087598
1749	10941684
1750	15097486
1751	12664764
1752	3535046
1753	14217160
1754	25072964
1755	10654497
1762	47280621
1763	3997043
1764	9301618
1765	17340552
1766	3194773
1767	42051731
1768	39069165
1769	13178963
1770	45584988
1771	64301378
1772	5663417
1788	53671387
1789	41822775
1790	42767110
1791	34493545
1792	26379877
1793	26459666
1794	2882310
1795	12921051
1801	38100467
1802	22469022
1803	24742284
1804	9939171
1805	28496853
1756	15668571
1757	6327514
1773	6927780
1774	46466150
1800	3409436
1806	3117887
1807	8318359
1808	1827931
1809	27683144
1743	5246801
1744	5546084
1745	6973700
1746	10022322
1747	36864749
1863	187323751
1862	156362658
1861	172316824
1860	133951754
1859	70375838
1858	175156290
303	173149704
304	179235794
305	294557019
306	134124019
1167	171728183
1168	153570602
1169	4682376
1155	26238358
1156	175230150
1157	3716511
1158	92665142
1159	194707790
1160	79027997
1161	134281004
1162	3437678
1163	109265760
1164	73847716
1165	67359088
1166	99888948
227	86311107
228	81167808
229	96317574
230	91308447
231	67533327
232	138365309
233	16723536
234	42254433
235	39831103
236	29995227
891	2599533
890	2804129
889	20771362
888	2505801
880	1904814
879	1457636
878	1556988
877	1181562
876	1650614
856	2188763
855	3339443
847	905864
846	902052
845	1640737
844	2155929
827	1682512
826	4099245
825	1074826
824	1781764
823	2054831
818	1965115
817	29843715
816	1158038
978	4374361
977	1706914
974	2529916
973	2591510
972	2428761
971	51657844
970	3628150
966	1850149
965	4779310
964	2597942
960	2679977
959	2982917
958	2009601
950	38788002
949	2126182
948	17656440
947	1268453
938	2945717
937	3311245
936	2319610
930	3080013
929	2920160
928	1397024
927	7155719
957	7655106
956	10844646
955	6273719
946	3413403
945	1857912
926	4830253
918	1974990
917	13562609
916	1341597
915	2480810
907	31490360
906	3538522
905	4821752
904	2203231
944	36385790
935	49040162
934	2481294
925	45074695
924	3099979
903	3782073
897	1789309
896	13385535
895	2280321
894	3680544
887	3714385
886	12443003
885	4742772
884	35892072
883	4577032
923	2279160
914	37326413
913	2289306
912	1868487
911	5456620
902	2261806
901	6212632
900	4872212
882	1289891
875	14421304
874	46380132
873	2930764
872	2515539
854	6650494
853	8137518
843	15366600
842	31672794
841	17165089
840	40166864
839	28389598
838	20555059
893	2450577
892	17216625
881	18213406
858	1124097
857	3367801
837	28589390
836	29749994
835	31828293
834	54392077
833	55670859
832	55703570
831	35657759
822	26632955
815	49938964
814	4110315
813	1501200
812	7607950
852	2441231
851	2462288
850	12793384
849	21230714
848	2771475
830	1811466
829	96840729
828	15233460
821	3109283
820	7754913
819	4077670
982	32828391
981	13442194
980	2539109
979	11227870
976	4157773
975	4546402
969	2676012
968	18973338
967	2528195
963	4241367
962	7339278
961	3334448
954	4962356
953	2517172
952	1708667
951	2426768
943	4109127
942	6293568
941	2274532
940	3578055
939	4005537
933	2862260
932	5162113
931	7155702
922	6540676
921	2490079
920	15759886
919	2700901
910	32323236
909	4891380
908	6481256
899	3193657
898	2743373
209	82652722
210	131260709
211	61015449
212	167235565
213	100131395
214	169578262
215	188916151
216	168678910
217	102448566
218	64182842
219	125550472
220	85293595
221	2373639
222	5480680
223	29730168
224	1624071
225	2084551
226	1156554
237	1835058
238	1465773
239	4579222
240	1957278
241	33388855
242	60958289
243	63038531
244	25682901
245	7271973
246	47542122
247	47467218
248	109273172
357	129944688
358	138914002
359	247725774
360	53046607
361	38665400
362	153421430
363	76021457
364	48774780
365	74462209
366	174442485
367	85038512
368	168995986
369	167529580
184	289153928
185	18146202
186	99960799
187	25913589
188	19023749
189	73372926
190	10158601
191	15625332
192	30813026
193	11480261
194	14855469
195	56266177
196	14369082
197	11219994
198	47711702
199	161486787
200	125528177
201	20894409
202	19450206
203	10958877
204	141468462
205	33957456
206	21185951
207	2875647
208	38066020
249	89491335
250	21889865
251	1545271
252	9282272
540	46036315
539	38468868
528	39729436
527	54483306
587	3448670
586	14153992
585	83388156
584	40853203
583	10173780
582	7245369
570	3501442
569	7559768
568	113675392
567	16664302
566	101743815
559	18649088
558	20528024
557	73371619
556	57774838
555	8240510
554	6838795
553	22424561
552	33878819
551	8619302
550	6685435
549	4178096
548	31982793
547	15839797
546	9224245
545	4877908
544	7690751
543	43320499
542	9129936
541	7219989
1715	124790581
1716	54242373
1714	66673857
1717	58745350
1718	94765007
1719	36405772
1720	30766232
1721	25520329
1722	183305339
1723	78706962
1724	24760884
1725	107201039
1729	47541805
85	61697836
86	91507905
87	44151188
84	2782109
88	249902055
89	253927833
90	86026193
91	29414261
92	79918389
93	11899018
94	3989855
95	39806203
96	60779889
1088	391840813
1089	375595706
1090	485132059
1091	296199366
1092	347412847
1093	573999766
1094	1217140044
19	78814703
1706	67736807
1707	77955701
20	77966625
1708	90001021
1709	94144529
1710	25562452
1711	99535902
1712	90148549
1713	80629074
1726	93870261
1727	61514354
1730	56631407
1731	22939891
1732	28212880
1733	10672041
1734	11531612
1728	9718669
1735	79895393
1736	12167957
1702	17961300
1737	15489596
1738	48536759
1739	30898168
1740	29229017
1741	43358478
21	46244698
1703	89439279
1742	54924913
871	154057522
870	156827414
869	172194849
868	60590524
867	100498259
866	57725755
865	131918430
864	26870340
863	60451830
862	79432611
861	79790020
860	31924793
859	168262094
130	74243852
131	30428403
132	101415098
133	39020867
134	32299082
135	51414754
136	92149385
137	42480333
138	42794345
139	58875242
140	35803747
141	60149095
142	49778910
143	65387866
144	52236058
145	54857248
146	76751010
147	52206370
148	68977014
149	43668977
150	113923571
151	34159482
152	97906576
153	139670899
154	57568826
155	55572422
156	58516098
157	42740261
158	34303098
159	17554216
160	29793744
161	21836782
162	61262623
163	55905665
164	33350735
165	61201952
166	19670541
1679	137597957
1680	102618987
1681	271660318
1682	237950518
1683	235873435
1684	112383778
1685	127247833
1845	108815498
1844	150444735
1843	145539719
1842	89272795
1841	176685845
1241	62397329
1242	53239379
1243	86057400
1244	1344146
1245	57716279
1246	69856223
1247	80672667
1248	121058054
1249	28039908
1250	11379014
1251	3736960
1252	11267565
1253	6080935
1259	2976318
1260	2893000
1261	80052637
1262	97217332
1263	65841439
1264	105459954
1282	1673744
1283	40986182
1284	53086007
716	10280468
715	19176653
696	8542814
695	22651177
694	14939960
693	9807592
697	18551875
692	4892416
691	60788907
690	3834771
689	95439571
688	12214254
687	15492327
686	90816496
685	20007076
684	39476105
683	30413673
682	32744218
681	27588265
670	14529870
669	10460219
668	38962104
667	30370230
666	21044855
665	53334831
664	33951583
663	26105038
662	28626429
1347	110042580
1348	105842234
1349	99683849
1350	101633530
1351	8192853
1352	116984761
1353	126891964
1354	68068917
1355	15233978
1356	34570376
1357	8313183
1358	51525983
1359	82099680
1360	66566958
1361	5012756
1362	52861510
1363	101369417
2332	71517251
2333	37212501
2334	191956764
2335	148976600
2336	43682908
2337	75702440
2338	10168911
2339	195210509
2340	65786712
2341	193912235
2342	112776579
2343	119022548
2344	30438360
2345	19607536
2346	29661207
1076	43073689
1077	76561797
1078	200910851
1079	27375121
1080	52566930
1081	96454508
1082	61702336
1083	91991500
1084	106313141
1085	127884322
1086	169252068
1087	114838156
1095	118431313
1096	164250500
1097	160309007
1098	176403069
1099	106051778
1100	51448378
1101	45524991
1102	87458371
1103	53848191
1104	41570007
1105	48296998
1106	63114818
1107	78418931
2250	3036933
2251	2229216
2252	3260787
2253	5294953
2267	1876553
2268	3262764
2269	4284307
2304	12209744
2305	24129235
2306	15472203
2307	10225375
2308	16950581
2309	24645565
2124	4951359
2134	11004966
2135	31816604
2136	23399636
2137	5287751
2138	4885726
2139	5703643
2140	7169122
2279	1988830
2280	3233226
2287	1994430
2288	1791741
2289	20017158
2290	8907932
2116	2503767
2141	35481518
2152	7210976
2153	3572507
2154	7113112
2163	8006156
2164	10186995
2165	36035464
2166	17603508
1704	16869043
2167	32261342
2168	7951882
2117	2863593
2118	2576179
2129	1876753
2130	2603628
2144	2825915
2145	3053401
2169	6503721
2179	6854610
2180	9974387
2181	31082898
1705	23506081
2182	12269710
2193	2710716
2157	1809863
2158	2916279
2172	2323581
2173	6164329
2186	3807662
2187	1853052
2188	5368081
2195	2856580
2196	1926641
2204	1578051
2205	3985532
2206	3052698
2214	2631294
2215	2712564
2222	1785051
2223	1682856
2229	1988743
2230	2694804
2242	1984650
2243	6234999
2244	3584176
2245	3230103
2254	1960951
2255	1374833
2256	3135418
2270	3480202
2271	3410681
2272	17119082
2273	8883988
2274	12931592
2275	9596258
2281	6748968
2282	10139195
2291	8615055
2292	6721089
2293	10453453
2294	3620753
2295	4939300
2296	3169465
2297	2727445
2298	4282284
2299	3792975
2300	2935171
2301	3364957
2302	14721474
2303	3224496
2119	7631028
2120	4476633
2121	2256634
2122	2200652
2123	2395750
2131	7839506
2132	1953093
2133	6071741
2146	4156088
2147	2864961
2148	2859900
2149	4153333
2150	4275460
2151	3253361
2159	5185424
2160	2111603
2161	5355462
2162	3937167
2114	1648068
2115	2254712
2126	2498978
2127	4108617
2128	1469801
2142	1720928
2174	1865523
2175	1990299
2176	2309613
2177	3080405
2178	5144512
2189	3242474
2190	1483605
2191	2848209
2192	2018442
2197	3036723
2198	2166343
2143	1843199
2155	2888838
2156	1460593
2170	4253869
2171	2846417
2199	1817514
2200	7262486
2207	4244474
2208	2808103
2209	2572869
2210	10096090
2211	3172683
2216	4140216
2217	4454927
2183	3453190
2184	3416063
2185	2353597
2194	4816373
2201	3263728
2218	1908689
2224	2416552
2225	5321781
2231	10846017
2232	14542040
2233	13425869
2234	6872308
2235	9074130
2236	8019066
2237	12549452
2202	1451067
2203	2754524
2212	2289299
2213	1957789
2219	4551638
2220	3724576
2221	10233863
2238	4211321
2239	7488600
2246	4540717
2247	7370343
2248	28866220
2249	7432820
2257	11121492
2258	33834694
2259	20716200
2260	16240370
2261	15557380
2262	13089304
2263	49528347
2264	14710951
2265	22876472
2266	26160508
2226	3579893
2227	3074444
2228	2257033
2240	6842070
2241	7071012
2276	10061068
2277	3791860
2278	6510118
2283	9920680
2284	7673013
1594	43809115
1595	147270665
1596	59391424
1597	46810912
1598	93102660
1599	46648135
1600	56895543
1601	24131837
1602	57097820
523	127258170
524	91636389
525	109298979
526	60950359
529	94985320
530	63397204
531	122598014
532	72745571
533	48557464
534	82405508
535	69770783
536	155349907
537	104917822
538	95444869
1554	10703784
1555	55158339
1556	174482090
1553	87777414
1557	137104086
1558	332331103
1559	37027641
1560	25953813
1561	64997177
1562	74202946
1564	14177726
1565	118279801
1566	26423681
1567	115430503
1568	91425547
1563	252661440
1569	13819224
1576	31948182
1570	4463876
1571	6812109
1572	37546427
1573	18683435
1574	41124249
1575	55159657
486	153612310
499	67244704
485	28884228
503	71171474
507	82106031
508	3800388
509	62492440
510	7946194
511	84075909
513	10754211
514	117305580
515	49020244
512	9123074
516	15605239
517	59848797
518	45949743
519	80373246
520	107308344
521	2638393
522	8577709
405	3741630
406	6938627
407	115360583
404	52005575
408	77539524
409	82206225
738	85183551
739	107293209
740	18849463
741	71543747
742	13705063
743	16186227
744	34841648
745	50058573
767	72171597
768	26677340
769	7411280
770	29079526
773	3925815
774	11375810
775	82768215
776	48722699
777	43685126
778	6394449
779	4929862
780	2796570
781	8220087
782	3242149
783	3837629
784	3124964
785	5161848
787	8555989
788	2596721
789	6582854
790	2105931
791	12507148
802	4100843
803	11491188
804	2646569
805	8186964
809	4477221
810	2786998
811	3531116
658	13625698
659	5743077
1674	23335800
1678	23708011
1619	61091243
1620	117252183
1621	123171986
1622	176003065
1623	73331241
1624	58916260
1625	189734580
1626	143010488
1627	46986547
1628	39497798
1629	55321232
1645	31656409
1646	80198259
1647	112017370
1648	36338434
1649	34719282
1873	174025994
1874	188406880
1875	99027643
1876	53884642
1877	64348674
1878	8655855
1879	14652796
1880	15290093
1881	189987663
1882	99534601
1883	522768721
1884	126094984
1885	121341129
1886	124345195
1887	35585336
1888	46437910
1889	25214297
1890	75896855
1891	71813250
1892	36480666
1893	46243917
1894	154469133
1895	51421774
1141	1331515
1142	1056025
1143	2563076
1144	124271791
1145	4101488
1135	4957218
1136	3237655
1146	2043009
1147	62539365
1148	70487664
1149	1696030
1150	4796076
1151	1508058
1152	1307875
1153	8525772
1154	17374493
1108	1189878
1109	4623718
1110	947226
1111	1682513
1112	1984793
1113	68738823
1114	3131282
1115	53525272
1116	17778836
1117	64138095
1118	21926639
1119	4694395
1120	1938480
1121	47284456
1122	35310182
1123	68854283
1124	6204071
1125	26955341
1126	43272141
1127	1888887
1128	1702601
1129	4522022
1130	4564714
1131	43575731
1132	113314103
1133	66976639
1134	17116043
476	54645755
477	207325612
490	217469031
491	464328347
492	152724905
493	110425427
494	145757691
495	114833529
717	4798057
718	243925220
722	2727515
723	5550983
724	111819721
725	86301518
726	161288932
727	3639371
728	1900022
729	4054128
730	1695135
731	1036141
732	120952634
2025	49203423
2031	255043921
2032	127819857
2033	118278552
2034	135180755
2035	105576990
2036	108245423
2037	112877742
2038	24419427
2047	65938284
2048	35099527
2052	241275047
2053	144360420
2054	138122804
660	21928843
2055	154093535
2056	271864570
2057	57947376
2058	88728585
661	159688970
2039	120437522
2040	69717125
2041	93422102
2042	245451627
2043	30571382
2049	93487101
2050	198938489
1899	78322576
1900	25388428
1901	97822265
1902	155695626
1903	120619328
1904	122427770
1917	32152076
1918	12669963
1919	27912000
1920	19570131
1921	38895170
1922	125299503
1923	90773426
1924	99159708
588	997354
589	54612403
590	63469413
591	115023168
592	33984950
593	140444549
594	14155101
595	6709579
596	16041181
597	165878248
598	50039431
599	3848076
600	108732315
601	4276268
602	85355744
603	3944051
618	1164677
619	3564828
620	4397171
621	2691334
622	11757648
623	3034965
624	81394077
625	11260974
626	4659283
627	12033695
628	63077085
629	152203173
630	107783691
631	69076474
632	44644927
633	177512581
634	3881767
635	44642299
636	12225891
637	2206862
638	3267111
639	11630880
7	53007878
6	127213624
5	133685794
4	60152099
3	45115653
2	85562943
1	112908750
1201	82901277
1202	126521432
1203	107993423
1206	9264650
1207	14819106
1208	6842811
1209	131411784
1210	40896629
1211	3973371
1204	43329499
1212	124033016
1213	126621460
1214	132477900
1216	64891231
1217	5691926
1218	30533158
1219	13799032
1220	30103287
1215	10531766
1222	10953208
1223	44316365
1224	80164028
1225	101237328
1226	43857611
1227	90505305
1228	26072515
1221	12124492
1229	7976357
1230	80942222
1231	9444390
1232	40674140
1233	40146407
1234	54578241
1235	16370351
1236	22490580
1237	59004779
1238	54078274
1239	77833903
1240	58601866
1205	6015738
1603	6459143
1604	105837180
1605	80683171
1606	16241964
1607	53092466
1608	129556818
1609	74136341
1610	74089407
1611	106975748
1612	102314329
1613	96953655
1614	61262050
1615	187066459
1616	105426372
1617	18079931
1618	24517604
1977	98594800
1978	50088576
1979	115150022
1980	74549274
1981	58992352
1982	59871524
1983	113154368
1984	40669522
1985	9424369
1986	87486625
1987	47734779
1988	69956123
1989	96104704
1990	31617993
1991	58232309
1992	186398631
1993	113344169
1994	77462490
1995	89304308
1996	65521324
1997	109755713
1998	61028967
1999	26819263
2000	71498745
2001	49721620
2002	29873143
2003	17668993
2004	59444431
2005	45060926
2006	46218769
2007	62054411
2008	4499572
2009	10544842
2010	5233283
2011	19225563
2012	8112919
2013	99246905
2014	15596578
2015	2875650
2016	85240898
2017	89330951
2313	41626290
2314	31993663
2315	120435775
2316	27052224
2317	146104878
2318	212960400
2319	35357060
2320	22875016
2321	41253433
2322	54796509
2323	110097585
2324	71979058
2325	38901097
2326	41103191
2327	92982932
2328	155944279
2329	116077336
2330	121976400
8	6108733
9	9323694
10	28492367
11	21379298
12	20170106
13	23993086
14	37885391
15	15458343
16	12898876
17	74201696
18	5915250
97	64391289
98	43372860
99	91496491
100	48486883
101	23281607
102	25766427
103	6480351
104	35650787
105	5635544
106	74032052
107	35025974
108	105814662
109	56914617
110	7789012
111	23305145
112	43313733
113	82413437
114	68499504
115	15775763
116	21713225
117	8537391
118	5467343
119	28779471
120	89841119
121	27498534
122	6233885
123	3334468
124	8219123
125	4877987
126	19771422
127	11418731
128	2221856
129	4973036
2097	171892693
2098	144838036
2099	25578782
2100	20401054
2101	169463541
2102	29331491
2103	22631346
2104	20237086
2105	221881653
2106	85558168
2107	45638131
2108	55818629
2109	119273527
2110	115365073
2111	59727672
2112	136451724
2113	21096387
986	87756195
987	85769907
988	75648597
989	125721435
990	52483456
991	120722456
992	158113522
993	146406802
994	3354350
995	80488121
996	7435080
997	99499964
998	36843379
999	67006463
1000	110980080
1001	299380068
1002	202769086
1003	128047793
1004	118373229
1005	157871534
1006	126877837
1007	91965660
1010	67603938
2059	252925827
2060	21090350
2061	27043572
2062	78695115
2063	183449490
2064	93103622
2065	24628593
2066	82612591
2067	55234615
2068	10684842
1464	5615938
1465	82748247
1429	3612901
1430	60263543
1431	9318458
1432	79118435
1433	63074501
1434	22916892
1435	46286844
1436	55090660
1437	83552338
1438	7327731
1439	43450484
1440	83326879
1441	47779094
1456	45333083
1457	100090613
1458	47645513
1459	52416929
1460	4016333
1461	47543558
1462	9902804
1463	47834277
2350	55399278
2351	18141240
2352	109703557
2353	20532737
2354	47469966
2355	81184679
2356	144848052
2357	27980185
2358	69532758
2359	46083270
2360	66023759
2361	28479186
2362	84202710
2363	80600195
2364	88622747
2365	42219854
2366	45388879
2347	37068602
2348	37610588
2349	49159614
340	108891055
339	26758987
338	79256299
331	44991126
330	8399776
329	69748954
328	99151818
327	6757340
326	63249248
325	52531046
324	75601180
323	15467809
322	179975779
321	5887645
320	68923221
319	9400281
318	15309227
317	70661209
316	4893152
403	33800226
402	54216245
401	19913228
400	4368417
399	3638684
394	81011416
393	52031034
392	75309193
391	28340361
390	30757593
2692	410626169
2691	173198901
2690	174611021
2331	573076711
2689	68356647
640	105447503
641	124394385
642	70534098
643	122915692
644	80814908
645	75936900
646	16479551
647	11421137
648	44182621
649	6270108
650	18632357
651	6511810
652	48174389
653	62352978
654	76885387
655	34545437
656	18596139
657	61180648
2285	109373087
2286	408230836
2310	533981614
2311	315548682
2312	69210887
2125	102466327
2367	45069141
2368	23727495
2369	74520320
2370	46389518
2371	23570579
2372	7838237
2373	18759546
2374	22644579
2375	3416027
2376	10513499
2377	42381095
2378	49131119
2379	45209804
2380	11648487
2381	12816695
2382	31866829
2383	11845463
2384	20508668
2385	13302980
2386	5213766
2387	69885748
2388	28600324
2389	113455739
2390	115601727
2391	14615874
2392	40323585
2393	36374799
2394	2238081
2395	5608316
2396	3762904
2397	71913452
2398	109051486
2399	5078028
2400	131267324
2401	39987388
2402	12219498
2403	13748338
2404	14153506
2405	19614031
2406	8649222
2407	83848700
2408	4608811
2409	149384207
2410	17226224
2411	11540603
2412	5817120
2413	2092125
2414	2291089
2415	2652259
1382	28115551
1383	15482819
1384	4142761
1385	102535110
1386	116651237
1387	45031922
1391	108055526
1392	22213585
1388	87770076
1389	8613311
1393	16157233
1394	4359368
1395	6534969
1390	3133427
1396	6076038
1397	124045055
2426	17464090
2425	1688968
2424	3741525
2423	2169374
2419	5551760
2418	12481560
2417	6487754
2416	3342194
2600	1384075
2599	8758895
2598	6235825
2597	2268679
2596	3444819
2595	5452766
2594	67113189
2593	31226854
2592	40979300
2591	24647181
2590	35845726
2589	16053022
2588	60784450
2587	13806807
2586	5416278
2585	20140738
2584	16260666
2581	41483589
2580	23305668
2579	14830152
2578	22844835
2577	14934762
2576	12650890
2575	11102105
2574	1671156
2573	5424673
2572	5117360
2571	4391545
2570	5196585
2563	5797023
2562	9092371
2561	3199544
2560	58015517
2559	70084691
2558	25220466
2557	23715713
2556	37880217
2555	14496377
2554	41760090
2553	15730356
2552	2925374
2547	5759183
2546	9998673
2545	2468549
2542	6077276
2541	27852635
2540	28053521
2539	5163120
2538	9128581
2537	8865313
2536	52177952
2535	5125139
2534	24710984
2533	12811018
2532	15079412
2531	5644470
2530	2508277
2524	4361003
2523	9344152
2522	19325168
2521	3259451
2520	27665501
2519	10055157
2518	13799986
2517	19520686
2516	7124058
2515	7193436
2514	19058642
2513	14352293
2512	14080383
2511	10539259
2510	55772174
2509	22238161
2500	6610111
2499	15708574
2498	18441463
2497	6078011
2496	13917021
2495	41439696
2494	5769539
2493	4872707
2492	8000223
2491	14526565
2490	7271636
2489	5529252
2488	3521646
2487	12282493
2486	19974271
2475	1440225
2474	2272673
2467	2083305
2466	1074975
2462	1231260
2461	1705162
2448	1299541
2447	758835
2446	1220369
2442	4641042
2441	2748493
2440	3080776
2439	3656061
2435	1889330
2434	5440393
2433	1424318
2432	4555919
2431	2887536
2430	2560925
2429	10030497
2428	5719714
2422	7429693
2421	816077
2420	2599026
2606	4012448
2605	7267145
2604	2956115
2603	1740790
2602	4408916
2601	3567683
2583	2484747
2582	1346998
2569	4433155
2568	2983701
2567	2096860
2566	3829273
2565	2889343
2564	7891319
2551	1996708
2550	5108444
2549	2321639
2548	2960179
2544	2159886
2543	4188263
2529	2921320
2528	2872703
2527	2903876
2526	3390144
2525	1213985
2508	9811749
2507	38866744
2506	20089800
2505	16919198
2504	2970109
2503	9678620
2502	101755635
2501	2252746
2485	5790654
2484	2884927
2483	1672560
2482	19089210
2481	4084280
2480	5246298
2479	2801053
2478	4227822
2477	3352626
2476	2328010
2473	4116081
2472	4517833
2471	2091335
2470	3068807
2469	1939354
2468	1891280
2465	6314985
2464	1638838
2463	3569741
2460	1414514
2459	4128684
2458	9958293
2457	33414872
2456	40192628
2455	6808959
2454	85865588
2453	6012139
2452	7514815
2451	8205893
2450	7584206
2449	2925285
2445	1846694
2444	2032675
2443	3537449
2438	2472038
2437	3478890
2436	3180806
2427	3362354
786	34594255
792	88928517
793	101252372
794	139895016
795	98020558
796	126405962
797	87469850
798	63396851
799	61475036
800	2899458
801	86154197
806	59860866
807	92840834
808	106313124
1838	18928835
1835	188893556
1834	321114352
1833	312156834
1832	247698217
1831	8803408
30	51392126
31	72178090
32	15299137
33	31756343
34	60515699
35	1494336
36	1481447
37	19598529
38	13695210
39	84792901
40	29616720
41	32421652
42	68685129
43	55421789
44	78102519
45	30542227
46	62730602
47	69425897
48	31563617
49	1155238
671	15401728
672	24250411
673	48065038
674	144188607
675	13978866
676	11841768
677	153809533
678	75660698
679	61526339
680	45486899
698	10558583
699	47786480
700	59675273
701	164203904
702	5469819
703	95159187
704	70373247
705	40696815
706	20442441
707	200724938
708	31806795
709	6305876
710	55036461
711	3415741
712	1629267
713	2406715
714	8236148
719	14443019
720	2737552
721	6566655
733	64948127
734	156270843
735	63237634
736	71045527
737	15367111
746	86862449
747	46596440
748	54597235
749	13983187
750	23350308
751	95218460
752	143643476
753	85580920
754	56647845
755	78356896
756	79593638
757	95756364
758	160921666
759	17424577
760	31016519
761	66133042
762	50803243
763	87162505
764	76021953
765	29362234
766	13571758
771	64360251
772	132630672
1466	1917225
1467	2495286
1468	2744165
1469	2799822
1470	132835562
1471	1218092
1472	9692205
1473	99884238
1474	94873727
1475	18656130
1476	121580133
1477	55625543
1478	108778770
1479	10295256
1480	14342228
1481	12608835
1482	2150176
1483	711578
1484	109293285
1485	2357878
1486	9561126
1487	19308696
1488	73215469
1489	60832399
1490	105567023
1491	81257908
1492	82908327
1493	110421263
1494	58299777
1495	57412933
1496	59379086
1497	63704542
1498	56610219
1499	61683329
1500	51705675
1501	85183707
1314	31147168
1313	60521420
1312	32013715
1311	56353065
1310	65831291
1309	76046608
1308	64683209
1307	69990475
1306	106092900
1305	156583771
1304	91758781