1320	1973
1315	3391
1316	2744
1317	4468
1318	2038
1321	2455
1322	2802
1323	5712
1324	4491
1325	3113
1326	3937
1319	4940
1327	6086
1328	4869
1329	2662
1330	2042
1331	7024
1332	2209
1137	4575
1138	8086
1333	4140
1334	5874
1335	3682
1336	3231
1337	4209
1139	6217
1140	4386
1338	4383
1339	2684
1341	3339
1342	5429
1343	6446
1340	5414
1344	2814
1345	2315
1346	6951
1686	3625
1687	4524
1688	3319
1689	1006
1690	1228
1691	1447
1692	2736
1693	3213
1694	1376
1695	1215
1696	3377
1697	2382
1698	1776
1699	2213
1700	1430
1701	2331
2090	869
2091	858
2092	1528
2093	4474
2094	1991
2095	375
2096	1060
581	2077
580	506
579	3510
578	3536
577	4676
576	3734
575	1954
574	1942
573	1665
572	1613
571	1735
1583	1104
1584	868
1585	612
1586	413
1587	1819
1588	2652
1589	1230
1590	680
1591	718
1592	240
1593	302
1577	613
1578	2614
1579	1376
1580	2708
1581	4614
1582	4718
50	384
51	1297
52	672
53	2996
59	614
60	490
61	516
62	468
63	2930
64	132
65	711
76	1227
77	443
78	1189
79	676
80	1207
81	1096
82	296
83	453
2069	3282
2070	1621
2071	1933
2072	2165
2073	1008
2074	1892
2075	1241
2076	2354
2077	2141
2078	3517
2079	2057
2080	6147
2081	2198
2082	1792
2083	3297
2084	2412
2085	1485
2086	2274
2087	1191
2088	2040
2089	1712
22	2182
23	1103
24	1229
25	992
26	966
27	7005
28	1290
29	1410
72	1554
73	1409
74	1671
75	471
167	2047
168	1094
169	3962
170	2304
171	1829
172	1884
173	1850
174	2318
175	965
176	1896
177	733
178	4467
179	1217
180	4042
181	2638
182	909
183	1035
1530	3167
1531	2619
1532	4342
1533	5873
1534	2723
1535	3657
1536	5323
1537	6186
1538	5335
1539	4816
1540	4767
1541	5142
1542	6018
1543	7119
1544	2716
1545	5904
1546	4769
1547	13819
1548	2408
1549	3377
1550	3747
1551	2408
1552	1196
1976	4216
1975	5260
1974	4104
1973	5301
1972	4100
1971	2189
1970	1830
1969	2663
1968	1153
1967	1933
1966	2130
1965	5273
1964	4056
1963	5810
1962	4179
1961	3508
1960	5975
1959	6332
1958	1673
1957	6306
1956	5279
1955	1566
1954	3044
1953	9126
1952	4899
1951	4208
1950	3028
1949	2868
1948	3081
1947	1569
1946	1665
1945	5926
1944	2781
1943	2660
1942	5772
1941	3534
1940	2364
1939	4856
1938	1345
1937	4388
1936	2386
1935	2748
1934	1528
1933	2671
1932	2017
1931	3875
1930	2310
1929	1763
1928	2190
1927	2989
1926	4082
1925	2159
1916	7660
1915	1330
1914	2564
1913	3674
1912	2287
1911	790
1910	5705
1909	1300
1908	2892
1907	2558
1906	3003
1905	5176
1898	10497
1897	3211
1896	3003
1398	3667
1399	678
1400	4856
1401	4833
1402	2112
1403	2630
1404	1180
1405	4510
1406	714
1407	1047
1408	2259
1409	3602
1410	3041
1411	2887
1412	4725
1413	2614
1414	2851
1415	3456
1416	3614
1417	2509
1418	3547
1419	2440
1420	3134
1421	4573
1422	3701
1423	1066
1424	3520
1425	1738
1426	3469
1427	2636
1428	3303
1846	2920
1840	4030
1839	4339
1837	5062
1836	3569
1830	5106
1829	2596
1828	4317
1827	5262
1826	1864
1825	3038
1824	6241
1811	3448
1855	6954
1850	7704
1848	2674
1810	4154
1872	2987
1871	3800
1870	1421
1823	4942
1822	4158
1821	3631
1869	2026
1868	3458
1854	7960
1853	2438
1852	991
1847	2292
1851	2651
1849	4666
1867	5607
1866	1431
1865	2636
1820	3799
1819	4687
1818	7619
1817	2887
1816	3106
1864	3120
1857	1231
1856	4558
1815	3883
1814	3058
1813	3348
1812	6342
1254	2754
1255	2345
1256	2355
1257	1692
1258	2544
1265	1180
1266	5061
1267	4422
1268	3763
1269	2603
1270	3074
1271	5158
1272	2963
1273	5094
1274	3606
1275	4511
1276	3937
1277	5772
1278	5115
1285	5912
1286	2394
1287	1876
1288	4898
262	3652
263	2506
264	3822
2640	394
2639	694
2638	605
2637	1672
2636	821
2635	426
2634	1339
2633	3978
2632	1633
2631	850
2630	427
2629	214
2628	522
2627	327
2626	333
2625	3655
2624	2990
2623	1517
2622	3931
2621	728
2620	2965
2619	4991
2618	3187
2617	4447
2616	1571
2615	3213
2614	1749
2613	2399
2612	3050
2611	356
2610	1207
2609	4033
2608	5716
2607	529
54	4537
55	3031
56	1127
57	3207
58	3102
66	1192
67	2895
68	886
69	1363
70	1205
71	1174
435	3671
436	5742
425	5222
438	4035
439	3107
440	3907
437	3391
441	2503
442	6559
443	3456
444	3071
445	6067
446	3931
458	2023
459	5408
452	2676
453	4858
460	1172
461	3528
462	2871
463	1904
474	5344
454	929
475	4899
411	4816
410	2469
412	5419
413	2873
414	3180
419	9658
420	3828
421	4542
415	2263
416	1779
417	4884
422	3955
423	4598
418	1187
424	5973
434	2660
1364	8113
1365	2492
1366	1114
1367	6428
1368	4582
1369	2124
1370	3304
1371	1222
1372	2042
1373	5464
1374	2566
1375	5258
1376	1094
1377	1823
1378	8290
1379	2130
1380	2545
1381	2914
604	1591
605	2290
606	1342
607	940
608	3055
609	1344
610	3015
611	2978
612	2306
613	2311
614	2871
615	1964
616	644
617	793
565	1333
564	1306
563	4478
562	2085
561	2338
560	3253
253	1055
254	959
255	1802
256	1578
257	1513
258	764
259	850
260	1393
261	673
1502	4832
1503	1799
1504	2589
1505	3396
1506	3513
1507	3886
1508	6475
1509	3206
1510	4571
1511	5080
1512	3299
1513	3801
1514	4743
1515	2157
1516	3379
1517	2380
1518	1198
1519	3320
1520	2798
1521	5040
1522	5908
1523	4285
1524	2215
1525	3846
1526	1082
1527	2904
1528	2599
1529	3777
426	1502
427	1778
428	2175
429	2729
430	1461
431	691
432	3018
433	6506
447	3743
448	2034
449	1147
450	651
451	1339
455	727
456	1048
457	3258
464	1772
465	1632
466	3388
467	4861
468	843
469	2964
470	4809
471	2077
472	1611
473	334
270	717
271	3093
269	1423
279	782
280	1465
281	1073
282	6118
283	6831
284	3396
285	3648
286	3119
287	3576
288	4155
289	1808
291	1122
292	1257
293	3294
290	5655
294	2862
295	2967
296	3192
297	3836
298	13989
299	4402
300	5834
301	5449
302	8442
2659	5963
2658	10457
2657	16413
2656	1595
2655	3241
2654	1535
2653	1617
2652	1610
2651	1857
2650	3761
2649	2148
2648	2415
2647	3306
2646	1823
2645	18788
2644	8999
2643	3234
2642	2280
2641	2946
2688	20447
2687	4276
2686	2501
2685	4275
2684	6347
2683	2481
2682	3601
2681	2453
2680	3314
2679	3604
2678	5570
2677	4263
2676	9054
2675	3355
2674	4679
2673	15224
2672	8113
2671	4809
2670	31242
2669	5813
2668	3822
2667	3227
2666	9091
2665	34282
2664	3613
2663	2691
2662	3484
2661	14454
2660	5358
266	461
267	2192
268	450
265	309
275	1277
272	1545
273	4548
274	4872
276	92
277	1383
278	6418
2018	3272
2019	369
2020	6683
2021	161
2022	227
2023	624
2024	858
2026	3306
2027	4179
2028	6112
2029	2789
2030	777
2044	504
2045	891
2046	1526
2051	1642
1630	8261
1631	5088
1632	3778
1633	3794
1634	7281
1635	6164
1636	3117
1637	3601
1638	3308
1639	4371
1640	5602
1641	3908
1642	3615
1643	1794
1644	5707
1650	2296
1651	4642
1652	1168
1653	6715
1654	3906
1655	2206
1656	3631
1657	3512
1658	1441
1659	2964
1660	3708
1661	4533
1662	1596
1663	3051
1664	3909
1665	3902
1666	2642
1667	5963
1668	5112
1669	4753
1670	5038
1671	3187
1672	2693
1673	1817
1675	3170
1676	3089
1677	2845
1442	1421
1443	1810
1444	3764
1445	3418
1446	3292
1447	2281
1448	2644
1449	3165
1450	3408
1451	2898
1452	2409
1453	4640
1454	3377
1455	2713
478	4650
479	2221
480	2293
481	1236
482	5634
483	1621
484	2014
487	3110
488	6041
489	7587
496	1396
497	3110
498	3880
500	855
501	1576
502	3377
504	2062
505	1716
506	4126
356	8481
355	2589
354	9834
353	5173
352	5978
351	2306
350	4941
349	1817
348	10049
347	6145
346	3213
345	9369
344	2747
343	2609
342	4074
341	6717
337	9238
336	6429
335	4448
334	8140
333	7653
332	4671
315	3385
314	6673
313	5003
312	7345
311	3723
310	4556
309	7535
308	2145
307	4761
398	5174
397	4317
396	11492
395	3198
389	2303
388	1793
387	2049
386	2567
385	3109
384	2482
383	2671
382	3506
381	5040
380	1703
379	1648
378	835
377	2808
376	9293
375	2585
374	3392
373	5848
372	5353
371	8257
370	4417
1758	3524
1759	3800
1760	1560
1761	2460
1776	2997
1777	3326
1778	1282
1775	2554
1779	3303
1780	1818
1781	910
1782	737
1783	4623
1784	1822
1785	5666
1787	2134
1796	1807
1797	1931
1786	4598
1798	3794
1799	1906
1064	3565
1063	3205
1060	3763
1059	2054
1058	3147
1057	2450
1056	859
1055	5761
1054	3927
1053	3546
1052	2439
1051	4141
1050	2435
1040	3080
1049	2719
1048	8360
1047	4345
1046	3332
1045	5284
1039	3512
1038	1489
1044	4068
1037	4679
1043	5762
1042	3643
1036	2431
1035	3085
1034	2582
1041	1801
1033	4244
1032	1938
1031	4755
1030	3611
1029	4131
1028	6860
1027	1410
1026	2485
983	7208
1071	3504
1070	4382
1025	4205
1024	2018
1062	1783
1061	2317
1176	5555
1023	1955
1022	1813
1021	1954
1020	4897
1069	2084
1019	6279
1018	5456
1017	2757
1016	3498
1015	2521
1014	4027
1013	2807
1012	3233
1011	3065
1009	2888
1008	2666
985	3149
1175	1450
1184	3534
984	4517
1183	4711
1182	4138
1181	3884
1180	3755
1179	5448
1178	3034
1177	2603
1174	2588
1173	5209
1172	5964
1171	3012
1199	4232
1198	5332
1197	2314
1170	1677
1196	1930
1195	4156
1200	1876
1194	2891
1193	8080
1190	1201
1188	2569
1187	2165
1186	2138
1185	2769
1189	1516
1192	1572
1191	4714
1075	3100
1074	2366
1073	3265
1072	2756
1068	3206
1067	3873
1066	3862
1065	6344
1279	2098
1280	2718
1281	2371
1289	5638
1290	4391
1291	3920
1292	2295
1293	3053
1294	3227
1295	5289
1296	2585
1297	3843
1298	2764
1299	1630
1300	3496
1301	2974
1302	3574
1303	4753
1748	3312
1749	5363
1750	6891
1751	3693
1752	2164
1753	4767
1754	3778
1755	5159
1762	3736
1763	1387
1764	8342
1765	4583
1766	3783
1767	4131
1768	3024
1769	7494
1770	5392
1771	5946
1772	3355
1788	6027
1789	4255
1790	8174
1791	6853
1792	6483
1793	4614
1794	3256
1795	3873
1801	4679
1802	2481
1803	8371
1804	4079
1805	4469
1756	2134
1757	4262
1773	3515
1774	3470
1800	3296
1806	3289
1807	3886
1808	1705
1809	4733
1743	4433
1744	3253
1745	3805
1746	4597
1747	5794
1863	1540
1862	2251
1861	3040
1860	1450
1859	1343
1858	2573
303	625
304	1442
305	3195
306	3599
1167	2373
1168	1776
1169	2793
1155	1350
1156	2831
1157	2684
1158	2600
1159	5553
1160	2234
1161	3563
1162	2254
1163	6564
1164	6360
1165	11365
1166	5616
227	1736
228	2721
229	2142
230	1497
231	1418
232	4738
233	2515
234	1767
235	1531
236	1297
891	3578
890	5423
889	9926
888	4396
880	3005
879	3271
878	3008
877	3825
876	2221
856	3974
855	2095
847	1432
846	1764
845	1662
844	4341
827	2972
826	4013
825	1403
824	1734
823	1663
818	1701
817	3363
816	1385
978	4926
977	1316
974	3041
973	2706
972	3157
971	4839
970	2051
966	1494
965	3147
964	2015
960	2236
959	2450
958	1901
950	4946
949	2043
948	4425
947	2215
938	3102
937	3132
936	1800
930	3531
929	2883
928	2077
927	2062
957	4377
956	4875
955	4015
946	2497
945	2135
926	4554
918	2019
917	3267
916	1827
915	1964
907	3880
906	2138
905	5310
904	1967
944	2702
935	2598
934	2759
925	3439
924	2503
903	2554
897	2397
896	1785
895	1676
894	2137
887	4397
886	4797
885	5105
884	2914
883	4007
923	3846
914	2323
913	1609
912	2527
911	3973
902	4115
901	4397
900	3150
882	1792
875	3983
874	3635
873	3953
872	2216
854	3110
853	2481
843	3073
842	3767
841	4544
840	1327
839	6987
838	3150
893	1968
892	1722
881	2297
858	1861
857	2868
837	4046
836	4267
835	4034
834	1610
833	2717
832	5082
831	2491
822	2082
815	5050
814	4178
813	2190
812	3798
852	1353
851	3189
850	2553
849	2555
848	2207
830	2014
829	3386
828	3101
821	1440
820	3436
819	1954
982	1713
981	3043
980	3308
979	2094
976	1925
975	2117
969	2732
968	4731
967	2561
963	2398
962	2344
961	4459
954	4490
953	3970
952	3447
951	2783
943	3047
942	2436
941	2835
940	4170
939	3489
933	3723
932	5858
931	4341
922	5006
921	2199
920	4433
919	2108
910	2397
909	3258
908	5518
899	3219
898	2602
209	568
210	499
211	1848
212	2364
213	1630
214	1738
215	2775
216	3341
217	2144
218	1847
219	1818
220	572
221	1604
222	3678
223	3681
224	677
225	1628
226	1342
237	1584
238	1412
239	1888
240	1830
241	3975
242	2197
243	1487
244	1571
245	772
246	3138
247	668
248	415
357	3767
358	10911
359	8829
360	5689
361	7315
362	12943
363	10373
364	5990
365	4892
366	11015
367	7464
368	17943
369	7547
184	37
185	3076
186	3815
187	1078
188	1758
189	4039
190	2438
191	2631
192	401
193	2203
194	2061
195	2674
196	1758
197	1906
198	3788
199	1020
200	1652
201	3454
202	1980
203	2449
204	504
205	2711
206	1646
207	1718
208	2811
249	1736
250	2303
251	1143
252	246
540	4216
539	3453
528	4702
527	1124
587	3723
586	5694
585	3914
584	4092
583	3198
582	2473
570	2896
569	1287
568	3358
567	3373
566	3681
559	3179
558	2924
557	4864
556	1576
555	2165
554	2776
553	2797
552	2724
551	2422
550	2084
549	2149
548	1232
547	4097
546	1937
545	1897
544	4403
543	6463
542	2809
541	3058
1715	658
1716	868
1714	3119
1717	1508
1718	1909
1719	686
1720	4116
1721	3202
1722	1310
1723	3308
1724	1912
1725	1141
1729	932
85	774
86	3895
87	5791
84	1498
88	15695
89	2604
90	1978
91	5740
92	1620
93	2289
94	926
95	2711
96	1431
1088	593
1089	948
1090	1021
1091	1211
1092	536
1093	785
1094	716
19	3912
1706	6995
1707	1840
20	6341
1708	2622
1709	3975
1710	5328
1711	1817
1712	6999
1713	2170
1726	1662
1727	4785
1730	4410
1731	5090
1732	5644
1733	5640
1734	4699
1728	4369
1735	4295
1736	4332
1702	8178
1737	5172
1738	10438
1739	8756
1740	8660
1741	8242
21	10611
1703	8928
1742	3527
871	6161
870	1974
869	2230
868	1839
867	2094
866	1359
865	738
864	2686
863	1495
862	8198
861	9428
860	1429
859	640
130	4445
131	4226
132	4793
133	6109
134	2292
135	4852
136	4075
137	4528
138	7226
139	5844
140	6312
141	2812
142	9508
143	3623
144	5555
145	2548
146	3067
147	1763
148	3061
149	3109
150	3907
151	1653
152	4216
153	1929
154	2056
155	6599
156	3818
157	7666
158	8701
159	5600
160	6509
161	3611
162	9510
163	5167
164	2888
165	1310
166	3990
1679	1074
1680	641
1681	2612
1682	2038
1683	1981
1684	907
1685	900
1845	6691
1844	10529
1843	10187
1842	18516
1841	11943
1241	1256
1242	1722
1243	5129
1244	1684
1245	2628
1246	2056
1247	5974
1248	5715
1249	2867
1250	2465
1251	1999
1252	3274
1253	3613
1259	1392
1260	2074
1261	3545
1262	3684
1263	1663
1264	1678
1282	2038
1283	1970
1284	1069
716	3255
715	2870
696	3334
695	2549
694	2035
693	2164
697	1429
692	2666
691	3725
690	2220
689	3950
688	1462
687	2244
686	3834
685	5105
684	1890
683	3762
682	2269
681	1757
670	1789
669	2228
668	3343
667	3014
666	3455
665	2990
664	3444
663	2970
662	2512
1347	1046
1348	3447
1349	2478
1350	2447
1351	1868
1352	2922
1353	1951
1354	4285
1355	2294
1356	3144
1357	1605
1358	5545
1359	2415
1360	2561
1361	2350
1362	3425
1363	1213
2332	2802
2333	466
2334	3858
2335	2668
2336	3828
2337	523
2338	1940
2339	2436
2340	2691
2341	802
2342	894
2343	2273
2344	2050
2345	3234
2346	3457
1076	543
1077	3078
1078	1174
1079	316
1080	1498
1081	1264
1082	4654
1083	1268
1084	1635
1085	1248
1086	917
1087	3169
1095	1256
1096	2689
1097	1262
1098	1100
1099	1177
1100	4386
1101	367
1102	1935
1103	4726
1104	511
1105	1516
1106	1515
1107	2065
2250	3625
2251	4306
2252	2781
2253	3797
2267	2423
2268	4140
2269	4109
2304	3234
2305	5710
2306	9269
2307	4743
2308	8790
2309	4037
2124	5273
2134	7842
2135	8598
2136	9345
2137	6473
2138	6793
2139	5109
2140	5638
2279	2124
2280	3152
2287	2699
2288	3685
2289	4860
2290	4555
2116	4950
2141	5192
2152	6335
2153	4160
2154	5479
2163	4584
2164	13193
2165	5961
2166	3341
1704	5644
2167	11571
2168	3764
2117	5964
2118	2111
2129	4162
2130	4740
2144	3248
2145	2377
2169	5194
2179	6639
2180	6349
2181	9696
1705	4976
2182	6672
2193	4861
2157	2644
2158	3012
2172	3675
2173	3514
2186	3505
2187	2269
2188	2340
2195	3183
2196	2192
2204	2197
2205	2903
2206	4234
2214	5117
2215	4226
2222	1965
2223	1810
2229	1933
2230	1846
2242	3088
2243	5121
2244	2599
2245	3035
2254	1921
2255	2253
2256	3259
2270	3873
2271	3480
2272	7980
2273	4690
2274	2274
2275	6081
2281	6607
2282	3509
2291	3004
2292	4647
2293	6799
2294	7304
2295	5110
2296	5016
2297	5619
2298	3317
2299	2373
2300	2517
2301	4301
2302	8936
2303	2043
2119	5864
2120	4247
2121	3355
2122	3466
2123	2454
2131	4186
2132	2366
2133	7567
2146	4866
2147	3853
2148	3804
2149	7502
2150	4050
2151	5121
2159	6212
2160	2115
2161	7725
2162	4998
2114	1950
2115	3049
2126	4870
2127	3781
2128	3703
2142	2673
2174	2456
2175	1782
2176	3118
2177	2888
2178	4472
2189	3736
2190	2764
2191	2781
2192	3578
2197	4558
2198	2103
2143	3117
2155	3305
2156	2719
2170	8175
2171	3608
2199	6414
2200	4633
2207	3481
2208	4056
2209	2356
2210	4710
2211	4131
2216	2756
2217	4248
2183	6575
2184	3063
2185	3059
2194	3927
2201	3280
2218	2786
2224	2134
2225	4003
2231	5961
2232	8939
2233	10926
2234	2879
2235	7505
2236	4922
2237	12572
2202	1978
2203	2293
2212	2822
2213	2813
2219	4935
2220	2398
2221	5684
2238	4969
2239	8225
2246	4763
2247	6990
2248	6765
2249	8009
2257	6751
2258	3181
2259	8996
2260	8109
2261	4489
2262	7416
2263	6263
2264	8605
2265	10353
2266	15216
2226	3455
2227	4257
2228	3040
2240	5210
2241	5326
2276	6977
2277	4469
2278	5010
2283	6378
2284	3636
1594	1810
1595	8267
1596	774
1597	239
1598	1179
1599	771
1600	1779
1601	361
1602	399
523	1873
524	453
525	1839
526	741
529	826
530	2883
531	2279
532	2929
533	2885
534	1420
535	3410
536	993
537	3326
538	1941
1554	4426
1555	2923
1556	2754
1553	3760
1557	2982
1558	7093
1559	5597
1560	3398
1561	3128
1562	5447
1564	4347
1565	3016
1566	4841
1567	3877
1568	3486
1563	3319
1569	2539
1576	3081
1570	808
1571	3056
1572	4164
1573	4176
1574	3892
1575	2137
486	2890
499	1374
485	1672
503	1097
507	3702
508	3304
509	3922
510	3665
511	2030
513	4048
514	10238
515	4419
512	1942
516	8533
517	5931
518	1103
519	3625
520	3143
521	3265
522	4865
405	2536
406	5422
407	4246
404	1525
408	2946
409	4397
738	4559
739	2012
740	3341
741	5118
742	6682
743	5598
744	13202
745	8401
767	2473
768	11361
769	8033
770	5387
773	3106
774	7516
775	5924
776	2372
777	8711
778	4155
779	4313
780	2948
781	8267
782	4956
783	3906
784	2640
785	4036
787	4713
788	2556
789	4473
790	2452
791	6766
802	4736
803	3841
804	3806
805	4435
809	7784
810	2292
811	4959
658	6972
659	3865
1674	585
1678	814
1619	1611
1620	4259
1621	1531
1622	2008
1623	699
1624	591
1625	2219
1626	935
1627	873
1628	277
1629	1301
1645	993
1646	876
1647	899
1648	1293
1649	335
1873	2150
1874	3956
1875	6496
1876	17137
1877	9396
1878	4492
1879	6584
1880	14015
1881	7974
1882	16026
1883	33387
1884	6284
1885	2491
1886	1828
1887	7922
1888	5665
1889	3509
1890	4095
1891	1854
1892	5339
1893	8258
1894	3701
1895	5213
1141	4066
1142	2832
1143	2972
1144	4220
1145	2702
1135	2919
1136	2686
1146	2270
1147	1458
1148	1998
1149	2259
1150	2918
1151	3703
1152	1044
1153	3437
1154	5525
1108	2960
1109	4510
1110	2788
1111	3285
1112	1476
1113	2307
1114	1863
1115	3134
1116	2242
1117	6680
1118	4338
1119	1271
1120	2947
1121	6097
1122	3309
1123	1793
1124	3477
1125	3562
1126	4367
1127	2890
1128	2404
1129	3684
1130	3982
1131	1911
1132	3431
1133	2633
1134	3451
476	633
477	2724
490	2050
491	395
492	1919
493	2189
494	2431
495	803
717	2300
718	1681
722	3165
723	2227
724	4787
725	5344
726	2791
727	2019
728	2325
729	2213
730	2067
731	1860
732	7882
2025	4409
2031	2304
2032	1418
2033	370
2034	2368
2035	2241
2036	1746
2037	540
2038	3080
2047	3518
2048	619
2052	3668
2053	4887
2054	3568
660	2065
2055	3816
2056	1009
2057	4623
2058	1867
661	4101
2039	2697
2040	980
2041	322
2042	3508
2043	1518
2049	1423
2050	3005
1899	1556
1900	3674
1901	1487
1902	2591
1903	3340
1904	7137
1917	2321
1918	3182
1919	2807
1920	3300
1921	1048
1922	3136
1923	1622
1924	2263
588	3396
589	3963
590	7871
591	4900
592	3562
593	8140
594	9389
595	6477
596	2326
597	6606
598	3648
599	6076
600	2633
601	3982
602	5022
603	4250
618	2321
619	3099
620	5219
621	3422
622	4200
623	3159
624	1669
625	3927
626	4032
627	7516
628	2087
629	2070
630	2470
631	1356
632	3055
633	7896
634	3304
635	5019
636	6693
637	3052
638	6628
639	3713
7	3180
6	2206
5	3607
4	3294
3	3747
2	1972
1	2504
1201	1409
1202	2290
1203	5927
1206	3360
1207	4152
1208	3563
1209	1198
1210	3801
1211	3005
1204	3970
1212	3811
1213	2940
1214	2613
1216	3127
1217	4859
1218	3110
1219	2388
1220	5848
1215	3313
1222	2963
1223	2831
1224	4570
1225	4408
1226	3789
1227	4368
1228	4822
1221	1942
1229	3351
1230	2904
1231	5536
1232	4580
1233	571
1234	3448
1235	2947
1236	3309
1237	4275
1238	4562
1239	3283
1240	5757
1205	2852
1603	1147
1604	7866
1605	191
1606	3097
1607	8063
1608	5979
1609	512
1610	7174
1611	1214
1612	276
1613	2686
1614	1368
1615	2308
1616	1437
1617	2059
1618	1262
1977	2429
1978	1511
1979	5558
1980	4233
1981	858
1982	1053
1983	978
1984	7504
1985	2175
1986	1757
1987	2147
1988	4144
1989	5424
1990	4645
1991	3925
1992	6347
1993	3041
1994	3762
1995	5341
1996	3495
1997	2169
1998	2486
1999	1477
2000	5233
2001	2947
2002	6447
2003	1526
2004	2313
2005	3860
2006	3843
2007	6760
2008	2219
2009	1100
2010	2736
2011	3962
2012	2783
2013	2460
2014	1335
2015	2554
2016	2404
2017	3227
2313	7238
2314	6241
2315	4464
2316	6497
2317	6781
2318	5726
2319	7034
2320	4923
2321	3949
2322	5595
2323	6052
2324	2724
2325	3598
2326	1980
2327	3435
2328	6293
2329	4735
2330	6378
8	3788
9	2144
10	4055
11	3064
12	1622
13	3416
14	3142
15	2481
16	3625
17	2817
18	3963
97	2215
98	5215
99	1820
100	3300
101	3365
102	2294
103	4179
104	3712
105	2275
106	1692
107	5707
108	5309
109	1725
110	4415
111	5102
112	2149
113	4371
114	2292
115	3596
116	3659
117	4192
118	1663
119	2477
120	1153
121	2751
122	4217
123	2661
124	2566
125	3063
126	2310
127	3439
128	1881
129	3546
2097	3398
2098	3570
2099	5007
2100	2673
2101	2666
2102	6382
2103	5451
2104	4099
2105	1607
2106	2920
2107	3188
2108	1824
2109	5133
2110	2852
2111	5175
2112	8681
2113	3184
986	4165
987	2614
988	2651
989	2181
990	1474
991	2599
992	4352
993	2023
994	1764
995	2831
996	3031
997	4211
998	2899
999	3430
1000	2180
1001	2631
1002	2483
1003	3210
1004	2596
1005	2601
1006	3936
1007	2493
1010	1076
2059	2223
2060	4516
2061	5429
2062	3224
2063	5037
2064	3672
2065	3056
2066	2320
2067	2066
2068	4614
1464	2416
1465	4525
1429	2853
1430	2603
1431	3008
1432	4065
1433	2569
1434	1575
1435	2614
1436	2636
1437	2238
1438	2314
1439	2162
1440	3221
1441	3755
1456	1436
1457	2461
1458	1751
1459	3267
1460	2814
1461	2599
1462	1972
1463	1731
2350	2834
2351	4429
2352	2026
2353	5759
2354	948
2355	1238
2356	2738
2357	2630
2358	1870
2359	956
2360	3136
2361	3046
2362	1067
2363	2191
2364	3444
2365	1516
2366	685
2347	2544
2348	2452
2349	1892
340	2400
339	3174
338	3715
331	2233
330	4234
329	2648
328	4070
327	2088
326	2631
325	1148
324	2032
323	2250
322	2747
321	2022
320	4143
319	1925
318	3598
317	1846
316	1470
403	3316
402	2550
401	2203
400	1436
399	1782
394	3026
393	2275
392	3354
391	1755
390	1602
2692	5468
2691	2918
2690	3109
2331	1524
2689	962
640	658
641	3694
642	572
643	2124
644	2614
645	3174
646	2270
647	2480
648	1911
649	2246
650	1854
651	2503
652	2673
653	886
654	754
655	716
656	841
657	1120
2285	91
2286	334
2310	330
2311	2929
2312	673
2125	50
2367	3276
2368	3677
2369	3328
2370	19738
2371	3794
2372	2942
2373	5005
2374	5036
2375	2307
2376	6323
2377	5806
2378	4678
2379	3165
2380	5951
2381	3067
2382	2917
2383	2906
2384	4798
2385	3995
2386	3805
2387	4433
2388	2681
2389	3194
2390	2731
2391	4719
2392	3653
2393	2812
2394	2302
2395	2623
2396	3179
2397	2915
2398	3358
2399	2415
2400	2912
2401	4095
2402	4926
2403	2342
2404	6508
2405	5465
2406	5841
2407	3138
2408	2406
2409	3459
2410	4469
2411	4593
2412	5935
2413	3422
2414	1859
2415	2393
1382	640
1383	1499
1384	3609
1385	1341
1386	3712
1387	2818
1391	3332
1392	1170
1388	6711
1389	1625
1393	1217
1394	3561
1395	1517
1390	3184
1396	3664
1397	5822
2426	6941
2425	1277
2424	3669
2423	2466
2419	5481
2418	6335
2417	2196
2416	2661
2600	3588
2599	3134
2598	5970
2597	2868
2596	3746
2595	5875
2594	3417
2593	5881
2592	3230
2591	2071
2590	6441
2589	4270
2588	9150
2587	5312
2586	4788
2585	7123
2584	5510
2581	5714
2580	9236
2579	4280
2578	3904
2577	6176
2576	4449
2575	9027
2574	2859
2573	3232
2572	4217
2571	2928
2570	4885
2563	6698
2562	7767
2561	4263
2560	1010
2559	6595
2558	6241
2557	8319
2556	6545
2555	2914
2554	4055
2553	8594
2552	2672
2547	3400
2546	3985
2545	2467
2542	4530
2541	10877
2540	4924
2539	5153
2538	1787
2537	9072
2536	7550
2535	6091
2534	3445
2533	6166
2532	9986
2531	5502
2530	2253
2524	7930
2523	8800
2522	5894
2521	2665
2520	5689
2519	5836
2518	5672
2517	4543
2516	5677
2515	4468
2514	8137
2513	4177
2512	10817
2511	3422
2510	5362
2509	8167
2500	3782
2499	6318
2498	4286
2497	6541
2496	5451
2495	18163
2494	3600
2493	5650
2492	4603
2491	10994
2490	6757
2489	3341
2488	5097
2487	5407
2486	3831
2475	2654
2474	3351
2467	2405
2466	1457
2462	1410
2461	2949
2448	2075
2447	1414
2446	1787
2442	2535
2441	2237
2440	2048
2439	4104
2435	1752
2434	4052
2433	1380
2432	5360
2431	3123
2430	3583
2429	6959
2428	5495
2422	12284
2421	1528
2420	5698
2606	2948
2605	5550
2604	2813
2603	1563
2602	7924
2601	4462
2583	2177
2582	3092
2569	4820
2568	2452
2567	2389
2566	3552
2565	3830
2564	8495
2551	4225
2550	3545
2549	4059
2548	5822
2544	3467
2543	7408
2529	2850
2528	3396
2527	4671
2526	3360
2525	1459
2508	4037
2507	6866
2506	3614
2505	2980
2504	1300
2503	3258
2502	3251
2501	3013
2485	5103
2484	3490
2483	3397
2482	3842
2481	3681
2480	3264
2479	3361
2478	3821
2477	3851
2476	2661
2473	3610
2472	6112
2471	2263
2470	3019
2469	2779
2468	2672
2465	3720
2464	2456
2463	4728
2460	3252
2459	5977
2458	4522
2457	14643
2456	8663
2455	7036
2454	11080
2453	3601
2452	4234
2451	5164
2450	6736
2449	2801
2445	2037
2444	2041
2443	5964
2438	2564
2437	4247
2436	5430
2427	4638
786	1214
792	1352
793	1061
794	718
795	1457
796	1781
797	2538
798	1216
799	2234
800	1118
801	1866
806	2542
807	1358
808	517
1838	2080
1835	3548
1834	1274
1833	2840
1832	1804
1831	1682
30	2715
31	4211
32	3253
33	765
34	638
35	3912
36	2069
37	4854
38	307
39	3558
40	3731
41	4935
42	2585
43	1640
44	3191
45	619
46	3118
47	1351
48	229
49	3398
671	3701
672	3038
673	4465
674	6457
675	3075
676	3604
677	7582
678	4844
679	5048
680	5273
698	2823
699	3794
700	6241
701	5227
702	2575
703	3905
704	6599
705	4226
706	4828
707	4264
708	3700
709	2814
710	3442
711	2480
712	2571
713	2428
714	5110
719	2947
720	2823
721	2739
733	4005
734	1259
735	2034
736	6420
737	3397
746	1351
747	1808
748	1511
749	4070
750	2796
751	4082
752	1223
753	1740
754	1103
755	1077
756	1023
757	567
758	2475
759	2843
760	2859
761	5665
762	3187
763	2286
764	3007
765	3051
766	2697
771	551
772	1253
1466	2563
1467	2399
1468	2116
1469	3372
1470	5379
1471	2264
1472	2426
1473	4087
1474	3131
1475	3781
1476	5462
1477	9001
1478	1665
1479	4863
1480	1748
1481	5479
1482	1891
1483	999
1484	3870
1485	2017
1486	3094
1487	3763
1488	3896
1489	1968
1490	4179
1491	3326
1492	3489
1493	4032
1494	2348
1495	1515
1496	4649
1497	6013
1498	1368
1499	2551
1500	1804
1501	3132
1314	600
1313	585
1312	523
1311	1686
1310	1880
1309	3359
1308	4409
1307	1364
1306	625
1305	2344
1304	443