1	0	327	799	49
2	0	427	672	55
3	0	1063	1020	120
4	0	544	1073	85
5	0	580	1216	73
6	0	164	827	55
7	0	630	1161	58
8	0	423	728	54
9	0	271	1070	56
10	0	215	1505	55
11	0	182	1205	56
12	0	408	470	35
13	0	211	1464	59
14	0	170	1248	37
15	0	339	1125	59
16	0	339	1125	58
17	0	430	874	50
18	0	931	811	72
19	0	520	1332	56
20	0	737	2363	116
21	0	1679	3537	288
22	0	699	291	8
23	0	247	274	9
24	0	251	328	11
25	0	327	235	14
26	0	45	472	11
27	0	1767	882	36
28	0	323	172	14
29	0	454	106	5
30	0	853	935	138
31	0	1090	1382	163
32	0	1166	662	216
33	0	153	248	12
34	0	156	244	20
35	0	1380	598	202
36	0	898	258	110
37	0	1474	1128	253
38	0	116	177	14
39	0	915	1184	155
40	0	1087	859	207
41	0	1388	1152	256
42	0	349	884	89
43	0	263	484	39
44	0	589	974	125
45	0	160	218	28
46	0	546	1041	106
47	0	179	549	35
48	0	22	82	6
49	0	1354	638	232
50	0	18	188	8
51	0	138	493	25
52	0	45	289	7
53	0	469	938	95
54	0	662	1368	64
55	0	811	594	26
56	0	214	361	18
57	0	528	984	34
58	0	425	319	30
59	0	30	188	11
60	0	26	230	12
61	0	31	186	11
62	0	16	189	5
63	0	92	405	23
64	0	21	42	1
65	0	35	326	22
66	0	424	318	29
67	0	862	600	43
68	0	224	256	21
69	0	233	413	17
70	0	233	413	16
71	0	176	401	19
72	0	324	418	15
73	0	472	66	10
74	0	571	173	12
75	0	225	27	4
76	0	70	411	14
77	0	35	199	5
78	0	117	515	21
79	0	91	261	13
80	0	246	640	32
81	0	92	402	13
82	0	11	153	5
83	0	106	243	19
84	0	326	242	23
85	0	102	124	8
86	0	629	452	56
87	0	1329	489	68
88	0	3340	2572	322
89	0	462	492	45
90	0	282	547	39
91	0	804	1359	119
92	0	344	188	22
93	0	651	348	41
94	0	496	12	6
95	0	680	548	47
96	0	281	387	24
97	0	304	838	31
98	0	336	2062	85
99	0	226	672	19
100	0	626	1357	75
101	0	305	1607	72
102	0	117	1153	55
103	0	460	997	64
104	0	539	1263	80
105	0	378	488	27
106	0	171	760	27
107	0	513	927	60
108	0	402	2276	113
109	0	166	704	27
110	0	939	749	75
111	0	638	1603	104
112	0	253	813	38
113	0	451	1771	68
114	0	121	930	20
115	0	271	1070	55
116	0	305	1058	55
117	0	1101	668	79
118	0	500	46	18
119	0	186	1084	53
120	0	78	522	17
121	0	153	1055	41
122	0	1167	610	63
123	0	1000	18	20
124	0	306	1059	55
125	0	644	648	89
126	0	577	669	46
127	0	781	698	73
128	0	562	258	50
129	0	905	752	96
130	0	973	536	40
131	0	853	550	51
132	0	722	1306	75
133	0	1239	2173	174
134	0	262	755	35
135	0	532	1566	56
136	0	314	1482	44
137	0	824	779	54
138	0	1391	1751	117
139	0	874	1625	147
140	0	1538	1761	167
141	0	267	909	18
142	0	2298	3697	294
143	0	440	1375	59
144	0	938	1433	96
145	0	234	713	27
146	0	196	1172	26
147	0	235	713	27
148	0	247	1373	56
149	0	361	1021	48
150	0	360	1021	47
151	0	262	755	35
152	0	396	1529	57
153	0	268	592	17
154	0	108	592	20
155	0	1164	2600	258
156	0	572	1357	97
157	0	2021	3715	299
158	0	1949	1972	200
159	0	1405	1804	165
160	0	1342	2311	188
161	0	596	1301	102
162	0	1424	3493	243
163	0	552	2033	118
164	0	262	755	35
165	0	108	593	21
166	0	834	1259	102
167	0	229	817	26
168	0	175	319	9
169	0	472	1216	26
170	0	330	710	31
171	0	394	371	25
172	0	739	156	17
173	0	568	234	10
174	0	551	461	27
175	0	94	209	11
176	0	304	431	13
177	0	175	166	7
178	0	539	1378	49
179	0	268	213	13
180	0	1186	840	44
181	0	697	512	24
182	0	128	285	16
183	0	207	233	13
184	0	6	12	1
185	0	470	911	70
186	0	865	1649	140
187	0	265	382	29
188	0	237	484	46
189	0	707	1364	93
190	0	549	633	52
191	0	664	818	81
192	0	79	113	12
193	0	430	644	66
194	0	622	652	76
195	0	496	896	70
196	0	175	580	28
197	0	223	552	46
198	0	463	1330	90
199	0	158	317	19
200	0	184	600	41
201	0	576	1034	84
202	0	448	611	60
203	0	463	708	72
204	0	55	239	7
205	0	380	887	68
206	0	178	629	41
207	0	255	358	33
208	0	518	864	76
209	0	179	107	2
210	0	202	57	5
211	0	680	126	8
212	0	859	92	15
213	0	679	126	8
214	0	385	405	12
215	0	685	206	12
216	0	1290	172	26
217	0	844	252	17
218	0	457	587	29
219	0	850	120	10
220	0	173	79	2
221	0	173	217	21
222	0	692	1041	49
223	0	717	1038	38
224	0	173	216	20
225	0	231	511	21
226	0	191	487	28
227	0	265	305	14
228	0	426	672	20
229	0	333	371	11
230	0	198	433	11
231	0	265	384	16
232	0	581	623	19
233	0	600	570	21
234	0	324	401	7
235	0	377	298	11
236	0	236	317	15
237	0	198	410	15
238	0	257	397	15
239	0	551	192	9
240	0	257	397	15
241	0	1357	504	16
242	0	630	223	15
243	0	629	222	15
244	0	358	109	5
245	0	358	109	5
246	0	1034	361	21
247	0	173	79	2
248	0	173	79	2
249	0	413	645	47
250	0	335	757	62
251	0	223	185	37
252	0	32	74	7
253	0	150	439	30
254	0	113	375	27
255	0	264	685	44
256	0	224	700	39
257	0	135	678	32
258	0	110	360	13
259	0	105	372	20
260	0	205	608	40
261	0	61	220	17
262	0	436	1296	71
263	0	280	930	53
264	0	558	1321	93
265	0	40	167	7
266	0	44	156	11
267	0	327	743	55
268	0	186	250	24
269	0	200	419	16
270	0	36	322	13
271	0	531	1400	76
272	0	113	553	30
273	0	488	1979	144
274	0	634	1642	108
275	0	125	306	17
276	0	47	89	7
277	0	198	613	35
278	0	711	2665	197
279	0	192	191	7
280	0	203	379	13
281	0	91	427	15
282	0	877	1398	62
283	0	1408	1079	123
284	0	681	1020	47
285	0	1139	326	41
286	0	604	1289	87
287	0	752	1504	81
288	0	700	1990	131
289	0	490	431	24
290	0	1180	2267	150
291	0	348	454	37
292	0	283	411	17
293	0	933	574	77
294	0	616	714	52
295	0	321	1205	73
296	0	851	357	47
297	0	962	1073	51
298	0	904	1674	143
299	0	377	1463	61
300	0	1285	1770	173
301	0	762	1919	117
302	0	904	1675	143
303	0	37	283	11
304	0	146	607	28
305	0	263	1096	71
306	0	322	1297	79
307	0	2283	589	214
308	0	781	21	20
309	0	3263	184	90
310	0	2477	600	200
311	0	1992	702	150
312	0	4039	968	293
313	0	2064	826	136
314	0	1936	449	102
315	0	1410	98	66
316	0	246	505	33
317	0	166	631	21
318	0	401	1102	54
319	0	300	475	43
320	0	332	1410	37
321	0	322	617	46
322	0	222	1065	39
323	0	171	748	39
324	0	196	764	52
325	0	101	465	21
326	0	220	605	36
327	0	372	515	64
328	0	357	1210	60
329	0	188	845	30
330	0	470	855	59
331	0	185	708	34
332	0	2001	219	82
333	0	3072	1943	286
334	0	3855	451	179
335	0	1841	57	56
336	0	2502	1458	222
337	0	3745	768	286
338	0	204	1471	45
339	0	293	1122	55
340	0	168	697	40
341	0	2476	1521	233
342	0	1176	1298	156
343	0	1623	106	78
344	0	1671	83	72
345	0	4552	842	216
346	0	1356	1471	157
347	0	2057	1024	116
348	0	3372	310	177
349	0	437	670	51
350	0	2189	160	139
351	0	1193	246	77
352	0	2180	204	61
353	0	1386	72	36
354	0	5210	1320	376
355	0	1303	46	32
356	0	3943	1085	333
357	0	1019	837	29
358	0	1041	3039	147
359	0	1136	2192	115
360	0	1139	1216	66
361	0	1203	2022	81
362	0	2060	2898	225
363	0	1635	2850	215
364	0	776	1838	93
365	0	874	737	59
366	0	1293	1855	201
367	0	912	1585	156
368	0	2617	3780	365
369	0	1032	2765	177
370	0	1894	466	175
371	0	4455	1460	346
372	0	2276	838	174
373	0	3603	649	263
374	0	1880	569	148
375	0	1455	134	66
376	0	4437	717	293
377	0	1388	281	86
378	0	468	21	17
379	0	923	16	20
380	0	1060	14	14
381	0	3140	32	82
382	0	1331	106	45
383	0	868	57	27
384	0	840	72	33
385	0	1514	77	54
386	0	1196	150	56
387	0	870	22	24
388	0	1143	144	74
389	0	1765	152	71
390	0	99	655	27
391	0	161	595	31
392	0	324	1017	64
393	0	245	918	54
394	0	245	1006	50
395	0	1845	262	93
396	0	5766	535	306
397	0	1247	1455	160
398	0	1898	249	87
399	0	338	552	32
400	0	140	255	33
401	0	391	753	54
402	0	308	1099	38
403	0	298	876	36
404	0	591	347	20
405	0	699	250	25
406	0	1898	357	23
407	0	1248	948	51
408	0	383	847	48
409	0	660	1327	61
410	0	235	982	38
411	0	525	1631	80
412	0	628	1610	91
413	0	405	1222	68
414	0	383	586	60
415	0	517	770	86
416	0	247	496	30
417	0	741	1162	99
418	0	451	24	6
419	0	988	3156	152
420	0	399	1295	86
421	0	495	913	63
422	0	641	921	116
423	0	714	1194	100
424	0	516	2018	88
425	0	799	2100	134
426	0	230	541	19
427	0	464	278	9
428	0	355	729	46
429	0	444	638	25
430	0	127	387	7
431	0	15	224	2
432	0	146	1105	25
433	0	843	1124	38
434	0	474	1219	100
435	0	345	1206	63
436	0	702	2144	113
437	0	715	1407	127
438	0	676	866	109
439	0	296	1246	49
440	0	488	746	50
441	0	406	609	71
442	0	830	2484	178
443	0	488	1323	77
444	0	550	376	59
445	0	635	1399	85
446	0	487	1832	82
447	0	772	763	46
448	0	113	461	6
449	0	69	322	7
450	0	62	220	7
451	0	55	476	4
452	0	721	228	32
453	0	357	1963	64
454	0	200	141	9
455	0	84	139	7
456	0	77	255	5
457	0	591	703	11
458	0	483	586	82
459	0	702	2348	115
460	0	211	268	21
461	0	254	1391	61
462	0	621	971	105
463	0	340	356	44
464	0	357	329	26
465	0	354	195	7
466	0	456	934	25
467	0	1052	1013	35
468	0	124	221	10
469	0	636	844	28
470	0	1035	1232	51
471	0	110	759	22
472	0	456	248	19
473	0	35	131	1
474	0	955	1528	133
475	0	581	1590	67
476	0	155	125	3
477	0	516	1002	54
478	0	385	1618	35
479	0	314	533	23
480	0	569	362	16
481	0	53	424	12
482	0	1043	942	40
483	0	308	359	14
484	0	141	751	19
485	0	390	642	40
486	0	986	448	27
487	0	450	475	25
488	0	1348	696	32
489	0	1494	1523	69
490	0	674	835	54
491	0	9	128	2
492	0	205	768	34
493	0	242	758	14
494	0	535	438	28
495	0	112	204	8
496	0	157	466	5
497	0	537	382	15
498	0	183	659	26
499	0	410	315	14
500	0	67	226	8
501	0	163	416	21
502	0	575	575	26
503	0	463	148	6
504	0	164	639	13
505	0	97	392	10
506	0	235	779	29
507	0	548	907	44
508	0	1020	1072	83
509	0	485	1847	65
510	0	1085	938	73
511	0	438	541	31
512	0	700	250	25
513	0	1359	593	58
514	0	2392	2703	138
515	0	746	1569	60
516	0	2373	1251	114
517	0	1080	1885	75
518	0	195	417	28
519	0	354	1744	76
520	0	454	763	34
521	0	1259	139	24
522	0	1019	1071	82
523	0	200	783	31
524	0	26	215	6
525	0	147	803	35
526	0	195	149	7
527	0	224	409	16
528	0	808	1717	144
529	0	59	321	18
530	0	321	632	32
531	0	856	421	24
532	0	198	845	36
533	0	510	490	35
534	0	189	550	13
535	0	528	862	50
536	0	126	364	12
537	0	460	523	32
538	0	335	172	11
539	0	751	1534	109
540	0	730	1524	139
541	0	660	1084	103
542	0	446	742	46
543	0	649	1871	109
544	0	1013	984	131
545	0	220	487	46
546	0	301	570	46
547	0	474	1106	75
548	0	221	427	37
549	0	370	676	37
550	0	662	706	66
551	0	614	967	94
552	0	457	993	69
553	0	639	1091	86
554	0	544	826	82
555	0	639	897	87
556	0	241	603	34
557	0	757	1778	137
558	0	1041	1496	133
559	0	572	1280	91
560	0	866	452	52
561	0	179	935	42
562	0	425	643	48
563	0	1053	1140	77
564	0	302	317	18
565	0	167	527	13
566	0	728	1355	120
567	0	583	1141	119
568	0	435	1351	88
569	0	327	498	56
570	0	878	808	118
571	0	255	343	17
572	0	433	281	9
573	0	335	378	20
574	0	239	649	22
575	0	690	172	11
576	0	831	646	50
577	0	731	314	17
578	0	1087	387	29
579	0	979	585	27
580	0	92	110	6
581	0	194	633	22
582	0	284	586	43
583	0	533	1132	102
584	0	450	1483	94
585	0	444	1237	61
586	0	1220	1666	151
587	0	917	788	103
588	0	861	591	96
589	0	704	1172	70
590	0	1964	2445	192
591	0	884	1167	63
592	0	983	624	49
593	0	1835	835	56
594	0	3692	867	203
595	0	1749	1786	166
596	0	680	51	9
597	0	776	2484	121
598	0	874	853	46
599	0	1264	1105	140
600	0	563	896	48
601	0	1490	269	70
602	0	1402	1215	128
603	0	1745	103	43
604	0	171	709	32
605	0	228	994	46
606	0	106	583	32
607	0	67	447	33
608	0	353	1316	74
609	0	195	618	32
610	0	309	1089	61
611	0	306	1115	60
612	0	217	811	44
613	0	214	754	40
614	0	352	939	67
615	0	158	757	29
616	0	33	272	7
617	0	151	440	19
618	0	471	547	66
619	0	997	355	55
620	0	1385	370	54
621	0	986	1004	104
622	0	1003	1189	139
623	0	690	1006	94
624	0	178	597	29
625	0	956	1345	88
626	0	1061	1512	111
627	0	1858	1250	197
628	0	405	480	30
629	0	333	605	22
630	0	695	441	31
631	0	212	342	18
632	0	780	643	59
633	0	1190	1213	55
634	0	1095	584	90
635	0	865	1764	111
636	0	2130	1437	156
637	0	644	462	109
638	0	1479	1000	166
639	0	850	1038	91
640	0	87	286	14
641	0	559	1196	79
642	0	35	261	7
643	0	279	550	54
644	0	231	1022	60
645	0	443	1160	87
646	0	659	669	108
647	0	578	422	60
648	0	348	775	60
649	0	602	454	83
650	0	498	699	58
651	0	718	520	63
652	0	793	950	73
653	0	244	310	24
654	0	36	262	8
655	0	87	286	14
656	0	87	286	14
657	0	275	412	44
658	0	1420	2111	215
659	0	1090	1239	129
660	0	326	1037	59
661	0	679	2055	122
662	0	298	760	36
663	0	299	760	37
664	0	297	1315	44
665	0	457	1466	55
666	0	448	1560	88
667	0	270	1273	64
668	0	468	1254	62
669	0	316	873	44
670	0	301	916	68
671	0	556	566	70
672	0	723	55	10
673	0	857	663	48
674	0	607	1426	60
675	0	872	269	16
676	0	919	711	70
677	0	870	1202	51
678	0	403	1445	80
679	0	407	1702	87
680	0	474	1308	84
681	0	218	531	19
682	0	209	930	39
683	0	571	1638	106
684	0	234	1080	41
685	0	940	2407	177
686	0	359	1456	57
687	0	183	707	29
688	0	315	873	43
689	0	234	1081	41
690	0	470	526	58
691	0	249	854	41
692	0	509	577	46
693	0	299	743	50
694	0	183	707	30
695	0	280	941	50
696	0	408	569	39
697	0	249	853	40
698	0	907	258	17
699	0	596	1525	98
700	0	677	2168	97
701	0	629	1682	70
702	0	882	72	27
703	0	500	1048	47
704	0	1046	1941	86
705	0	613	969	56
706	0	668	1837	96
707	0	241	1601	48
708	0	813	1007	69
709	0	643	507	44
710	0	487	944	43
711	0	860	371	39
712	0	999	70	27
713	0	742	164	26
714	0	1205	947	91
715	0	444	943	59
716	0	389	1211	75
717	0	732	134	22
718	0	222	542	28
719	0	887	468	43
720	0	857	387	30
721	0	830	227	16
722	0	615	152	18
723	0	425	238	35
724	0	856	1739	87
725	0	1257	1416	122
726	0	595	595	30
727	0	615	152	19
728	0	545	386	52
729	0	544	386	51
730	0	733	134	22
731	0	425	238	36
732	0	1051	2068	147
733	0	279	1611	80
734	0	89	443	11
735	0	135	729	18
736	0	509	2241	110
737	0	587	849	66
738	0	658	1284	95
739	0	525	803	69
740	0	719	1109	99
741	0	1166	1260	124
742	0	1470	1266	156
743	0	1011	1677	145
744	0	2987	3779	399
745	0	2213	3475	348
746	0	78	502	14
747	0	134	640	31
748	0	135	528	23
749	0	579	724	97
750	0	327	672	36
751	0	449	1326	56
752	0	69	485	5
753	0	142	740	39
754	0	102	385	18
755	0	36	562	17
756	0	64	372	17
757	0	67	211	13
758	0	264	893	39
759	0	263	1154	56
760	0	218	1051	41
761	0	429	2119	89
762	0	234	1095	30
763	0	300	759	42
764	0	317	1123	50
765	0	410	1027	60
766	0	223	854	30
767	0	656	967	91
768	0	2206	3762	300
769	0	1993	2567	244
770	0	1190	2157	179
771	0	64	283	13
772	0	137	376	18
773	0	812	891	106
774	0	1296	1814	198
775	0	1984	3027	299
776	0	719	1109	100
777	0	1669	2387	231
778	0	863	1163	162
779	0	2040	378	175
780	0	745	416	50
781	0	2314	580	154
782	0	2038	143	69
783	0	1672	430	119
784	0	1230	198	77
785	0	1000	644	97
786	0	181	405	18
787	0	1290	1543	190
788	0	563	675	73
789	0	1250	1575	159
790	0	747	525	89
791	0	1657	2600	250
792	0	318	437	26
793	0	247	363	18
794	0	221	166	6
795	0	445	254	19
796	0	779	90	25
797	0	669	170	12
798	0	372	205	17
799	0	754	227	34
800	0	247	189	12
801	0	584	233	18
802	0	1367	879	192
803	0	961	1868	174
804	0	943	405	92
805	0	1055	1677	184
806	0	996	260	41
807	0	415	143	13
808	0	191	73	9
809	0	1613	1040	231
810	0	516	567	73
811	0	1304	1335	127
812	0	1066	742	105
813	0	557	238	33
814	0	1235	340	53
815	0	742	2039	151
816	0	704	146	44
817	0	1116	687	61
818	0	800	310	76
819	0	468	433	44
820	0	896	1191	119
821	0	358	487	46
822	0	382	878	68
823	0	865	232	65
824	0	695	476	76
825	0	815	68	32
826	0	1473	72	46
827	0	1331	14	32
828	0	1013	518	47
829	0	324	1434	75
830	0	427	622	55
831	0	523	1145	82
832	0	1027	1956	132
833	0	707	908	53
834	0	154	780	27
835	0	838	1884	122
836	0	847	1537	140
837	0	855	1444	156
838	0	592	1288	107
839	0	2490	980	102
840	0	126	546	25
841	0	1025	1678	147
842	0	768	1044	79
843	0	946	1191	104
844	0	1348	412	81
845	0	771	270	81
846	0	1022	11	23
847	0	698	237	64
848	0	466	411	38
849	0	561	1153	55
850	0	915	498	45
851	0	1008	279	40
852	0	365	305	41
853	0	822	696	83
854	0	1182	843	118
855	0	676	131	34
856	0	1519	34	29
857	0	698	577	56
858	0	811	95	25
859	0	85	217	14
860	0	263	442	48
861	0	2139	1689	401
862	0	1696	1810	256
863	0	255	512	59
864	0	651	666	89
865	0	139	247	26
866	0	171	330	32
867	0	379	640	60
868	0	273	577	41
869	0	316	829	47
870	0	408	869	47
871	0	874	960	139
872	0	738	593	72
873	0	1176	991	149
874	0	860	1148	62
875	0	1099	570	61
876	0	883	462	66
877	0	2315	353	143
878	0	1308	241	105
879	0	1522	30	46
880	0	1428	92	65
881	0	456	807	49
882	0	517	318	56
883	0	1746	486	87
884	0	434	1378	86
885	0	1523	336	56
886	0	1103	1372	176
887	0	1628	302	53
888	0	1679	406	136
889	0	3179	2185	287
890	0	1813	61	49
891	0	1474	271	109
892	0	208	727	31
893	0	445	490	39
894	0	626	568	56
895	0	522	347	58
896	0	493	636	59
897	0	895	507	88
898	0	1540	29	30
899	0	836	340	43
900	0	1274	153	35
901	0	1192	750	82
902	0	973	163	33
903	0	768	411	70
904	0	598	476	79
905	0	1426	996	157
906	0	682	561	66
907	0	1239	1179	81
908	0	1592	348	83
909	0	791	850	107
910	0	659	729	59
911	0	1167	206	24
912	0	630	262	43
913	0	402	721	70
914	0	211	791	40
915	0	619	730	75
916	0	666	232	41
917	0	772	973	88
918	0	647	737	70
919	0	1082	24	25
920	0	2267	479	78
921	0	617	346	47
922	0	1794	943	125
923	0	978	30	16
924	0	561	685	84
925	0	480	1479	83
926	0	1335	1093	128
927	0	1027	36	24
928	0	623	391	66
929	0	1068	881	115
930	0	945	330	45
931	0	1054	1496	130
932	0	1447	1472	168
933	0	1089	274	49
934	0	850	79	17
935	0	283	1229	60
936	0	582	504	105
937	0	958	801	157
938	0	1265	80	34
939	0	1162	117	48
940	0	902	269	70
941	0	1270	192	61
942	0	1164	84	28
943	0	756	954	91
944	0	251	1204	55
945	0	617	48	12
946	0	492	540	47
947	0	1033	54	28
948	0	1377	399	81
949	0	788	671	106
950	0	1360	2213	192
951	0	933	265	38
952	0	1016	693	116
953	0	1067	586	103
954	0	1880	129	54
955	0	741	190	23
956	0	995	554	45
957	0	771	326	39
958	0	683	617	100
959	0	721	387	71
960	0	587	234	31
961	0	1590	210	43
962	0	613	777	92
963	0	714	808	75
964	0	623	533	76
965	0	1049	887	83
966	0	511	535	76
967	0	776	205	35
968	0	1951	777	91
969	0	1131	253	43
970	0	714	534	86
971	0	1377	1556	169
972	0	1153	92	28
973	0	881	461	74
974	0	1115	681	99
975	0	622	745	73
976	0	383	637	53
977	0	587	421	54
978	0	1341	509	81
979	0	472	932	80
980	0	1515	306	46
981	0	701	1207	70
982	0	298	801	34
983	0	2353	354	77
984	0	635	1437	89
985	0	1111	277	65
986	0	1240	681	44
987	0	228	865	25
988	0	249	649	28
989	0	441	388	20
990	0	206	450	14
991	0	263	781	36
992	0	1238	659	35
993	0	513	375	11
994	0	577	89	9
995	0	533	704	47
996	0	465	907	54
997	0	299	1430	63
998	0	411	584	37
999	0	470	790	31
1000	0	246	624	26
1001	0	818	373	20
1002	0	426	367	21
1003	0	495	656	31
1004	0	299	663	38
1005	0	427	377	18
1006	0	370	1254	35
1007	0	268	696	30
1008	0	971	830	134
1009	0	890	150	48
1010	0	65	476	15
1011	0	767	391	62
1012	0	604	1297	94
1013	0	693	105	36
1014	0	1567	27	31
1015	0	971	82	32
1016	0	883	134	25
1017	0	1064	114	31
1018	0	1601	787	109
1019	0	1354	2034	171
1020	0	924	1780	157
1021	0	626	707	122
1022	0	635	552	115
1023	0	531	350	53
1024	0	862	428	111
1025	0	1754	674	154
1026	0	847	480	98
1027	0	581	392	73
1028	0	2287	1663	195
1029	0	966	681	65
1030	0	1016	502	43
1031	0	1195	256	59
1032	0	342	494	46
1033	0	1215	339	77
1034	0	280	1007	64
1035	0	1020	947	160
1036	0	724	699	93
1037	0	1035	1544	183
1038	0	375	567	51
1039	0	1036	1028	161
1040	0	1375	111	39
1041	0	546	420	53
1042	0	960	985	117
1043	0	1811	1094	143
1044	0	1376	895	140
1045	0	1455	891	82
1046	0	552	982	73
1047	0	1191	1633	155
1048	0	1555	2357	203
1049	0	905	38	12
1050	0	525	936	87
1051	0	1100	1141	118
1052	0	460	958	68
1053	0	1419	204	74
1054	0	1008	1304	159
1055	0	1485	699	147
1056	0	151	361	29
1057	0	576	1116	113
1058	0	1007	505	114
1059	0	607	369	74
1060	0	801	739	81
1061	0	646	722	97
1062	0	576	463	83
1063	0	536	758	73
1064	0	672	1546	144
1065	0	1558	2532	276
1066	0	720	1202	119
1067	0	997	1564	147
1068	0	808	1168	139
1069	0	825	356	116
1070	0	1076	369	97
1071	0	1246	874	107
1072	0	550	909	78
1073	0	656	1218	86
1074	0	306	962	70
1075	0	412	1084	75
1076	0	127	217	18
1077	0	563	956	86
1078	0	175	397	33
1079	0	87	89	23
1080	0	235	490	41
1081	0	210	473	34
1082	0	1054	1434	158
1083	0	265	355	54
1084	0	312	527	56
1085	0	174	356	29
1086	0	204	297	30
1087	0	515	1183	108
1088	0	17	190	5
1089	0	354	180	33
1090	0	134	215	10
1091	0	87	154	1
1092	0	90	163	5
1093	0	119	223	7
1094	0	164	163	5
1095	0	188	452	17
1096	0	493	841	31
1097	0	187	571	21
1098	0	338	220	16
1099	0	370	203	20
1100	0	1288	711	42
1101	0	133	57	4
1102	0	569	296	8
1103	0	1158	885	51
1104	0	103	121	5
1105	0	443	219	16
1106	0	308	416	12
1107	0	238	890	31
1108	0	1840	268	120
1109	0	2184	325	130
1110	0	1524	262	100
1111	0	1730	164	110
1112	0	911	98	41
1113	0	854	480	64
1114	0	1157	110	64
1115	0	1093	1003	137
1116	0	1372	271	88
1117	0	1950	1719	204
1118	0	2452	484	162
1119	0	698	116	27
1120	0	1416	274	131
1121	0	2624	850	176
1122	0	1898	367	103
1123	0	565	527	41
1124	0	1828	230	109
1125	0	1443	986	130
1126	0	968	956	94
1127	0	1287	238	71
1128	0	1493	79	58
1129	0	1445	273	115
1130	0	2060	274	125
1131	0	880	453	60
1132	0	789	1268	107
1133	0	782	765	79
1134	0	1428	419	61
1135	0	1420	349	107
1136	0	1310	221	91
1137	0	1140	1035	61
1138	0	2445	2240	263
1139	0	1085	1771	102
1140	0	954	1464	121
1141	0	1747	139	114
1142	0	1373	289	128
1143	0	1395	187	114
1144	0	1684	941	137
1145	0	1564	199	93
1146	0	1123	150	52
1147	0	378	419	48
1148	0	554	544	64
1149	0	1032	148	79
1150	0	1768	193	80
1151	0	1804	310	157
1152	0	651	108	49
1153	0	1644	272	122
1154	0	1808	832	196
1155	0	584	271	14
1156	0	559	747	35
1157	0	925	433	45
1158	0	635	674	37
1159	0	869	1878	102
1160	0	698	342	24
1161	0	696	819	46
1162	0	859	212	25
1163	0	1136	2463	216
1164	0	1655	1599	135
1165	0	1111	866	65
1166	0	1225	1790	148
1167	0	495	628	27
1168	0	428	453	28
1169	0	1035	416	34
1170	0	620	12	15
1171	0	1029	623	104
1172	0	827	1002	75
1173	0	1090	1707	130
1174	0	1056	283	107
1175	0	507	451	84
1176	0	1629	1198	163
1177	0	1431	32	29
1178	0	449	1020	71
1179	0	1853	1412	111
1180	0	549	911	78
1181	0	422	1422	75
1182	0	476	1094	76
1183	0	541	1974	102
1184	0	1123	88	21
1185	0	593	421	64
1186	0	864	18	23
1187	0	984	235	78
1188	0	1089	19	23
1189	0	503	16	6
1190	0	556	10	9
1191	0	1113	1133	77
1192	0	594	248	89
1193	0	2157	1289	135
1194	0	1033	59	29
1195	0	916	239	44
1196	0	681	26	16
1197	0	871	382	102
1198	0	858	1859	127
1199	0	873	215	68
1200	0	1001	19	19
1201	0	195	1041	34
1202	0	108	614	20
1203	0	464	2068	97
1204	0	309	1301	47
1205	0	375	1472	73
1206	0	440	784	67
1207	0	651	732	62
1208	0	440	784	67
1209	0	102	827	32
1210	0	247	1181	44
1211	0	651	733	63
1212	0	194	1041	34
1213	0	300	1354	65
1214	0	101	826	32
1215	0	373	746	49
1216	0	300	1354	65
1217	0	372	745	49
1218	0	308	1513	58
1219	0	405	1414	76
1220	0	405	1415	76
1221	0	440	784	67
1222	0	353	1043	59
1223	0	195	1263	50
1224	0	590	1301	55
1225	0	190	1711	53
1226	0	195	1263	50
1227	0	267	1856	74
1228	0	308	1515	58
1229	0	375	1472	73
1230	0	249	1126	36
1231	0	375	1472	73
1232	0	300	1354	65
1233	0	107	614	20
1234	0	246	1180	43
1235	0	353	1042	59
1236	0	308	1515	58
1237	0	663	1196	61
1238	0	293	1656	65
1239	0	293	1657	65
1240	0	352	2467	63
1241	0	100	421	14
1242	0	125	597	13
1243	0	687	1480	41
1244	0	541	16	21
1245	0	343	823	26
1246	0	159	754	27
1247	0	800	2114	91
1248	0	1200	1296	78
1249	0	1012	210	17
1250	0	865	488	37
1251	0	497	3	17
1252	0	1139	167	31
1253	0	851	913	84
1254	0	220	1029	37
1255	0	194	444	20
1256	0	234	806	40
1257	0	176	576	32
1258	0	354	823	59
1259	0	644	9	9
1260	0	647	156	23
1261	0	769	696	31
1262	0	696	814	52
1263	0	96	565	11
1264	0	136	694	21
1265	0	171	717	36
1266	0	827	2002	126
1267	0	322	1640	65
1268	0	501	551	40
1269	0	509	457	58
1270	0	194	956	48
1271	0	574	1050	82
1272	0	200	939	52
1273	0	349	1706	73
1274	0	389	1532	86
1275	0	294	1741	80
1276	0	558	1823	123
1277	0	590	1556	85
1278	0	388	1532	86
1279	0	405	508	30
1280	0	698	465	35
1281	0	386	707	40
1282	0	682	222	36
1283	0	126	671	21
1284	0	81	382	14
1285	0	386	1964	93
1286	0	170	716	36
1287	0	345	497	30
1288	0	481	1564	108
1289	0	1309	2038	172
1290	0	1047	1154	89
1291	0	1324	611	81
1292	0	549	370	35
1293	0	640	514	39
1294	0	970	419	49
1295	0	969	1887	186
1296	0	314	877	44
1297	0	774	1143	79
1298	0	429	879	54
1299	0	240	479	22
1300	0	636	1227	128
1301	0	868	554	48
1302	0	537	951	67
1303	0	779	1585	130
1304	0	54	161	15
1305	0	596	766	58
1306	0	106	270	16
1307	0	198	639	60
1308	0	869	1347	144
1309	0	522	1260	108
1310	0	238	677	73
1311	0	301	688	60
1312	0	91	162	12
1313	0	114	207	35
1314	0	107	207	19
1315	0	552	322	28
1316	0	706	618	71
1317	0	834	423	54
1318	0	578	809	62
1319	0	996	528	48
1320	0	339	271	25
1321	0	543	666	67
1322	0	607	569	60
1323	0	1307	1333	145
1324	0	403	2004	76
1325	0	741	671	58
1326	0	716	1183	85
1327	0	1777	289	61
1328	0	411	1865	91
1329	0	523	874	62
1330	0	381	771	40
1331	0	1782	2045	197
1332	0	276	723	42
1333	0	638	1204	69
1334	0	1054	1800	118
1335	0	788	325	39
1336	0	707	1246	102
1337	0	602	1314	67
1338	0	450	1670	80
1339	0	493	198	23
1340	0	577	2043	104
1341	0	327	1448	64
1342	0	1047	1061	50
1343	0	995	1485	115
1344	0	676	1054	119
1345	0	550	853	72
1346	0	1831	637	75
1347	0	104	449	19
1348	0	278	1148	56
1349	0	214	946	39
1350	0	204	920	32
1351	0	164	400	20
1352	0	352	1211	61
1353	0	233	644	55
1354	0	483	1330	100
1355	0	161	415	35
1356	0	167	636	23
1357	0	137	426	23
1358	0	530	1699	76
1359	0	480	1320	69
1360	0	171	553	30
1361	0	465	497	54
1362	0	447	1498	44
1363	0	76	472	9
1364	0	3056	2044	267
1365	0	1028	588	93
1366	0	76	497	21
1367	0	2891	1322	303
1368	0	2330	1238	198
1369	0	316	739	43
1370	0	649	1065	73
1371	0	319	425	29
1372	0	524	735	86
1373	0	3678	1361	304
1374	0	365	851	42
1375	0	903	922	56
1376	0	53	480	25
1377	0	562	589	89
1378	0	1530	1238	81
1379	0	524	707	54
1380	0	564	833	75
1381	0	1696	1472	150
1382	0	384	519	21
1383	0	732	587	56
1384	0	1000	227	27
1385	0	720	450	28
1386	0	1147	753	51
1387	0	384	518	21
1388	0	1449	1138	60
1389	0	338	150	16
1390	0	1249	67	14
1391	0	720	451	28
1392	0	324	144	5
1393	0	366	120	11
1394	0	1226	101	32
1395	0	324	145	6
1396	0	731	587	55
1397	0	1135	1375	65
1398	0	279	1152	60
1399	0	111	244	9
1400	0	596	1454	91
1401	0	665	1511	105
1402	0	259	632	46
1403	0	346	771	65
1404	0	143	412	31
1405	0	288	1549	77
1406	0	153	265	9
1407	0	268	373	48
1408	0	270	561	35
1409	0	353	868	53
1410	0	664	632	107
1411	0	291	947	56
1412	0	977	1239	107
1413	0	536	895	76
1414	0	354	917	52
1415	0	507	867	63
1416	0	777	460	86
1417	0	508	436	55
1418	0	489	1180	80
1419	0	188	747	31
1420	0	530	548	42
1421	0	252	1506	75
1422	0	292	1076	51
1423	0	125	401	20
1424	0	420	1169	69
1425	0	162	627	24
1426	0	168	1092	43
1427	0	137	1147	22
1428	0	143	560	28
1429	0	1026	130	25
1430	0	203	1039	39
1431	0	543	928	79
1432	0	253	1758	69
1433	0	369	589	47
1434	0	115	605	24
1435	0	329	572	28
1436	0	251	1141	47
1437	0	153	990	47
1438	0	268	622	40
1439	0	226	632	41
1440	0	204	1528	36
1441	0	269	1927	70
1442	0	170	600	28
1443	0	165	608	25
1444	0	285	1533	90
1445	0	307	823	54
1446	0	376	1393	92
1447	0	268	881	70
1448	0	263	934	53
1449	0	606	783	79
1450	0	471	1032	77
1451	0	446	1319	102
1452	0	193	1030	54
1453	0	647	1942	143
1454	0	709	1559	110
1455	0	364	1163	64
1456	0	154	611	21
1457	0	237	922	30
1458	0	107	908	21
1459	0	436	1286	54
1460	0	673	909	70
1461	0	265	1064	44
1462	0	208	757	47
1463	0	268	627	21
1464	0	222	560	45
1465	0	315	1859	93
1466	0	1067	85	20
1467	0	692	30	15
1468	0	490	751	56
1469	0	820	937	84
1470	0	727	1963	79
1471	0	538	89	23
1472	0	711	265	26
1473	0	457	1375	38
1474	0	423	965	32
1475	0	1566	88	18
1476	0	1171	1414	70
1477	0	1921	2444	147
1478	0	404	361	13
1479	0	1457	1091	90
1480	0	587	12	10
1481	0	1582	1408	131
1482	0	451	725	56
1483	0	457	4	2
1484	0	838	852	39
1485	0	492	769	57
1486	0	890	339	29
1487	0	1007	87	14
1488	0	457	1062	42
1489	0	458	415	28
1490	0	393	1582	76
1491	0	229	1066	48
1492	0	312	1233	63
1493	0	380	1772	108
1494	0	136	793	27
1495	0	94	653	32
1496	0	487	1430	76
1497	0	526	1861	108
1498	0	118	470	39
1499	0	158	996	45
1500	0	86	779	21
1501	0	241	1245	71
1502	0	706	1398	66
1503	0	74	858	28
1504	0	556	641	24
1505	0	812	899	55
1506	0	281	1274	42
1507	0	515	892	37
1508	0	413	1173	66
1509	0	239	1073	49
1510	0	343	1446	67
1511	0	496	1541	58
1512	0	802	780	50
1513	0	907	991	61
1514	0	907	991	61
1515	0	515	892	36
1516	0	553	985	48
1517	0	169	913	29
1518	0	445	219	13
1519	0	802	781	50
1520	0	790	683	67
1521	0	426	1773	62
1522	0	724	1653	65
1523	0	790	683	67
1524	0	190	809	38
1525	0	510	1308	51
1526	0	412	1173	65
1527	0	790	683	67
1528	0	242	982	37
1529	0	554	986	48
1530	0	932	1397	112
1531	0	568	1226	92
1532	0	574	1709	91
1533	0	1486	2531	115
1534	0	488	662	33
1535	0	725	805	57
1536	0	666	1469	80
1537	0	2267	4000	261
1538	0	743	1680	117
1539	0	931	2153	101
1540	0	1100	2363	131
1541	0	813	2232	100
1542	0	1213	2817	152
1543	0	1630	1998	169
1544	0	594	1299	97
1545	0	807	2227	152
1546	0	1310	2152	157
1547	0	4341	5975	486
1548	0	556	414	41
1549	0	296	919	33
1550	0	589	1519	74
1551	0	353	661	39
1552	0	300	513	41
1553	0	551	1268	79
1554	0	1076	1782	142
1555	0	221	604	24
1556	0	236	1000	41
1557	0	249	1254	32
1558	0	1054	2365	113
1559	0	1101	2489	200
1560	0	711	967	93
1561	0	404	883	60
1562	0	1001	1474	140
1563	0	438	995	30
1564	0	1475	928	104
1565	0	590	1005	58
1566	0	919	2187	133
1567	0	447	1228	66
1568	0	656	892	74
1569	0	448	1140	102
1570	0	298	112	10
1571	0	765	1380	100
1572	0	718	2015	127
1573	0	954	1365	183
1574	0	853	1583	149
1575	0	346	744	40
1576	0	817	829	105
1577	0	103	201	17
1578	0	347	981	79
1579	0	190	532	42
1580	0	466	1081	83
1581	0	603	1375	127
1582	0	654	1546	108
1583	0	125	445	24
1584	0	114	320	14
1585	0	50	262	27
1586	0	34	112	11
1587	0	186	628	53
1588	0	333	878	81
1589	0	92	445	20
1590	0	64	173	15
1591	0	77	272	17
1592	0	23	77	2
1593	0	39	83	6
1594	0	199	722	27
1595	0	869	3219	165
1596	0	62	340	15
1597	0	14	143	2
1598	0	67	442	20
1599	0	60	359	15
1600	0	278	669	31
1601	0	33	181	6
1602	0	14	207	6
1603	0	118	204	11
1604	0	1361	1927	109
1605	0	72	34	2
1606	0	466	534	23
1607	0	1793	1128	82
1608	0	1354	1042	68
1609	0	17	209	9
1610	0	1240	2138	105
1611	0	217	332	13
1612	0	34	98	3
1613	0	469	652	33
1614	0	329	476	16
1615	0	354	204	13
1616	0	305	296	19
1617	0	220	664	25
1618	0	152	447	19
1619	0	427	534	23
1620	0	1252	469	26
1621	0	459	208	14
1622	0	757	193	21
1623	0	118	142	9
1624	0	171	72	2
1625	0	1035	116	5
1626	0	218	219	12
1627	0	171	208	6
1628	0	88	79	8
1629	0	308	175	8
1630	0	1287	2862	177
1631	0	339	2017	73
1632	0	367	1273	78
1633	0	286	1456	59
1634	0	940	1836	114
1635	0	512	2449	98
1636	0	658	684	59
1637	0	424	1222	80
1638	0	271	1363	37
1639	0	351	1864	70
1640	0	561	2743	155
1641	0	559	811	50
1642	0	289	1598	73
1643	0	106	488	27
1644	0	417	2222	103
1645	0	298	202	8
1646	0	199	274	7
1647	0	117	64	2
1648	0	224	320	13
1649	0	59	149	3
1650	0	458	308	38
1651	0	318	1806	102
1652	0	188	516	29
1653	0	915	3039	182
1654	0	317	1480	77
1655	0	205	680	34
1656	0	946	222	36
1657	0	430	613	39
1658	0	92	452	23
1659	0	101	1135	26
1660	0	346	1420	73
1661	0	409	1674	89
1662	0	180	558	36
1663	0	531	545	53
1664	0	136	1445	45
1665	0	266	1586	86
1666	0	217	1136	46
1667	0	826	2541	154
1668	0	364	1812	84
1669	0	277	1516	61
1670	0	710	2123	115
1671	0	631	263	23
1672	0	379	321	24
1673	0	97	759	31
1674	0	139	118	6
1675	0	735	224	24
1676	0	528	120	32
1677	0	140	1135	53
1678	0	97	40	0
1679	0	175	304	14
1680	0	61	289	3
1681	0	542	880	43
1682	0	451	397	22
1683	0	677	457	20
1684	0	71	342	9
1685	0	88	305	9
1686	0	419	1669	85
1687	0	483	1931	123
1688	0	361	1328	92
1689	0	121	468	23
1690	0	121	465	23
1691	0	120	603	34
1692	0	267	905	38
1693	0	185	766	47
1694	0	187	775	47
1695	0	120	604	34
1696	0	209	683	31
1697	0	280	670	51
1698	0	280	669	51
1699	0	209	683	31
1700	0	209	683	31
1701	0	206	1026	44
1702	0	1394	2704	220
1703	0	1379	3740	215
1704	0	1286	2197	181
1705	0	1611	1759	253
1706	0	934	2719	131
1707	0	154	756	23
1708	0	201	1116	39
1709	0	460	1122	61
1710	0	1013	2160	166
1711	0	149	700	16
1712	0	697	2473	109
1713	0	167	842	38
1714	0	630	234	11
1715	0	167	152	6
1716	0	306	83	8
1717	0	421	226	17
1718	0	595	206	19
1719	0	262	49	5
1720	0	1239	411	55
1721	0	937	412	29
1722	0	324	253	12
1723	0	712	574	29
1724	0	865	58	9
1725	0	347	157	7
1726	0	126	718	18
1727	0	466	1278	72
1728	0	915	1198	101
1729	0	102	281	7
1730	0	395	1772	70
1731	0	1174	903	79
1732	0	1273	881	55
1733	0	1042	1551	126
1734	0	1082	1010	84
1735	0	412	1681	84
1736	0	894	1057	106
1737	0	696	2236	157
1738	0	1894	4799	311
1739	0	1343	2797	237
1740	0	1464	2272	193
1741	0	1458	3829	246
1742	0	593	1142	53
1743	0	871	580	62
1744	0	691	343	28
1745	0	821	1547	112
1746	0	935	2068	172
1747	0	479	1771	70
1748	0	376	1027	73
1749	0	1125	1695	137
1750	0	769	2387	142
1751	0	377	955	44
1752	0	678	42	9
1753	0	876	511	41
1754	0	553	901	39
1755	0	556	1274	78
1756	0	284	761	40
1757	0	547	1188	79
1758	0	936	289	8
1759	0	1509	105	31
1760	0	546	168	12
1761	0	1220	60	20
1762	0	270	1206	53
1763	0	319	512	56
1764	0	1809	2232	194
1765	0	897	1319	119
1766	0	845	954	85
1767	0	280	1728	56
1768	0	405	1230	76
1769	0	1584	2504	209
1770	0	289	2083	73
1771	0	684	2003	96
1772	0	861	262	21
1773	0	447	1158	70
1774	0	222	1132	49
1775	0	387	588	22
1776	0	823	665	25
1777	0	1273	30	16
1778	0	211	174	6
1779	0	805	715	53
1780	0	123	523	12
1781	0	265	168	3
1782	0	166	122	4
1783	0	1171	931	47
1784	0	818	15	5
1785	0	2692	109	39
1786	0	1218	846	57
1787	0	261	540	24
1788	0	805	2036	118
1789	0	495	1772	78
1790	0	923	2029	95
1791	0	859	2142	91
1792	0	821	2487	131
1793	0	464	1677	73
1794	0	818	420	37
1795	0	538	1148	55
1796	0	214	574	21
1797	0	347	433	14
1798	0	798	819	43
1799	0	441	387	19
1800	0	596	422	41
1801	0	378	1650	58
1802	0	261	832	34
1803	0	1272	1913	104
1804	0	755	1696	153
1805	0	964	2121	163
1806	0	626	616	47
1807	0	649	1069	108
1808	0	440	365	50
1809	0	663	2030	126
1810	0	958	723	51
1811	0	840	1389	123
1812	0	1295	1727	173
1813	0	495	1057	68
1814	0	496	811	77
1815	0	802	1189	121
1816	0	390	439	47
1817	0	610	814	79
1818	0	1488	2440	201
1819	0	1211	2267	191
1820	0	413	1526	62
1821	0	588	608	39
1822	0	535	1499	116
1823	0	900	1483	121
1824	0	781	2776	130
1825	0	464	1272	98
1826	0	365	684	49
1827	0	1166	1086	104
1828	0	685	1166	80
1829	0	311	836	61
1830	0	1077	1776	145
1831	0	555	133	10
1832	0	304	508	17
1833	0	866	470	16
1834	0	276	321	17
1835	0	850	872	35
1836	0	1136	1308	108
1837	0	1601	1700	209
1838	0	658	260	19
1839	0	922	933	88
1840	0	741	366	33
1841	0	1717	3587	201
1842	0	3900	2265	238
1843	0	1674	2464	167
1844	0	1999	3714	298
1845	0	1179	1682	135
1846	0	437	577	35
1847	0	516	494	69
1848	0	497	599	59
1849	0	804	831	83
1850	0	2107	2370	268
1851	0	542	956	91
1852	0	232	159	27
1853	0	793	61	17
1854	0	1451	1653	155
1855	0	2406	1897	241
1856	0	1217	1419	154
1857	0	206	529	54
1858	0	308	585	30
1859	0	383	283	20
1860	0	181	474	11
1861	0	648	574	40
1862	0	549	413	35
1863	0	249	466	20
1864	0	632	1295	76
1865	0	186	1326	48
1866	0	111	671	29
1867	0	519	2139	105
1868	0	276	1526	68
1869	0	484	474	39
1870	0	282	541	53
1871	0	872	1006	65
1872	0	682	1420	76
1873	0	297	938	90
1874	0	467	1752	112
1875	0	818	2434	140
1876	0	2668	2933	344
1877	0	759	2029	143
1878	0	786	169	35
1879	0	1016	2180	154
1880	0	1872	2120	185
1881	0	907	2488	120
1882	0	1961	2700	241
1883	0	781	1343	127
1884	0	680	1821	118
1885	0	189	939	46
1886	0	216	503	15
1887	0	549	2005	162
1888	0	624	1565	107
1889	0	227	920	68
1890	0	281	1236	63
1891	0	119	673	26
1892	0	349	1301	102
1893	0	1088	1800	124
1894	0	342	1144	59
1895	0	517	2132	129
1896	0	1391	179	132
1897	0	901	726	126
1898	0	3351	2473	409
1899	0	213	548	24
1900	0	735	604	42
1901	0	376	364	34
1902	0	474	844	41
1903	0	544	1211	82
1904	0	1054	2525	143
1905	0	1453	1235	208
1906	0	1600	197	145
1907	0	679	522	64
1908	0	932	847	119
1909	0	611	361	61
1910	0	884	1899	155
1911	0	160	237	36
1912	0	1339	280	103
1913	0	1002	753	108
1914	0	736	671	97
1915	0	511	337	87
1916	0	1449	2554	227
1917	0	648	506	37
1918	0	735	603	41
1919	0	764	705	55
1920	0	764	704	55
1921	0	244	464	25
1922	0	703	784	68
1923	0	244	463	24
1924	0	335	860	47
1925	0	574	307	73
1926	0	875	1407	155
1927	0	991	69	83
1928	0	1313	203	110
1929	0	431	586	70
1930	0	1213	187	106
1931	0	1088	1154	141
1932	0	358	667	41
1933	0	589	753	96
1934	0	812	73	78
1935	0	1505	506	147
1936	0	798	460	98
1937	0	714	1423	116
1938	0	559	505	62
1939	0	2089	890	199
1940	0	676	699	84
1941	0	949	1134	146
1942	0	1145	1420	195
1943	0	710	648	113
1944	0	1526	139	129
1945	0	1365	884	165
1946	0	857	267	58
1947	0	529	410	63
1948	0	1858	588	124
1949	0	628	710	96
1950	0	1063	525	116
1951	0	1272	1391	176
1952	0	1435	1597	202
1953	0	3188	1363	266
1954	0	1209	330	80
1955	0	967	169	56
1956	0	781	1726	165
1957	0	2065	928	246
1958	0	486	502	61
1959	0	1239	1881	182
1960	0	2182	1420	258
1961	0	1273	656	151
1962	0	1210	1018	144
1963	0	912	1887	177
1964	0	651	1465	103
1965	0	940	1581	129
1966	0	447	799	91
1967	0	1174	190	79
1968	0	629	121	66
1969	0	1129	712	117
1970	0	1052	221	72
1971	0	930	301	95
1972	0	2193	136	161
1973	0	1694	1975	260
1974	0	860	1210	167
1975	0	1644	1702	206
1976	0	1676	563	201
1977	0	620	296	29
1978	0	276	174	14
1979	0	1206	484	35
1980	0	666	361	23
1981	0	79	135	10
1982	0	165	150	8
1983	0	51	321	11
1984	0	1114	2367	106
1985	0	573	103	9
1986	0	307	390	15
1987	0	358	286	11
1988	0	584	665	40
1989	0	636	471	44
1990	0	700	292	28
1991	0	319	781	66
1992	0	417	1353	49
1993	0	377	410	21
1994	0	630	692	29
1995	0	476	717	62
1996	0	292	729	24
1997	0	204	329	25
1998	0	287	304	15
1999	0	147	172	14
2000	0	630	692	29
2001	0	199	344	21
2002	0	857	746	97
2003	0	700	291	27
2004	0	238	306	24
2005	0	333	436	47
2006	0	353	755	91
2007	0	695	1029	107
2008	0	703	31	15
2009	0	164	105	6
2010	0	485	545	36
2011	0	765	369	23
2012	0	285	298	22
2013	0	255	791	22
2014	0	666	362	23
2015	0	444	633	45
2016	0	353	410	25
2017	0	208	513	31
2018	0	715	1209	112
2019	0	189	182	15
2020	0	1351	2009	205
2021	0	13	55	3
2022	0	12	94	3
2023	0	176	189	46
2024	0	88	272	20
2025	0	519	1456	78
2026	0	998	1385	121
2027	0	832	1376	114
2028	0	1304	1819	177
2029	0	736	940	97
2030	0	169	284	27
2031	0	683	384	24
2032	0	293	415	18
2033	0	95	47	4
2034	0	489	532	30
2035	0	346	733	39
2036	0	228	549	18
2037	0	55	207	8
2038	0	716	1428	107
2039	0	494	747	30
2040	0	146	339	18
2041	0	48	108	6
2042	0	576	1233	83
2043	0	357	270	21
2044	0	104	240	22
2045	0	169	358	20
2046	0	205	481	37
2047	0	484	784	46
2048	0	68	259	4
2049	0	224	340	19
2050	0	410	1008	58
2051	0	161	564	30
2052	0	551	708	45
2053	0	868	1185	82
2054	0	760	1691	83
2055	0	679	1641	103
2056	0	455	141	7
2057	0	736	1976	126
2058	0	324	411	15
2059	0	269	501	14
2060	0	939	979	85
2061	0	1095	1422	101
2062	0	442	704	34
2063	0	1252	696	58
2064	0	549	649	30
2065	0	955	246	25
2066	0	218	644	29
2067	0	213	169	8
2068	0	1387	244	34
2069	0	524	932	59
2070	0	469	375	16
2071	0	235	698	21
2072	0	666	377	34
2073	0	266	362	24
2074	0	454	551	30
2075	0	73	570	13
2076	0	533	575	31
2077	0	502	1046	60
2078	0	437	1195	88
2079	0	740	232	27
2080	0	844	1636	61
2081	0	661	303	33
2082	0	270	510	20
2083	0	670	817	62
2084	0	191	1033	34
2085	0	268	364	20
2086	0	300	1098	33
2087	0	72	504	16
2088	0	247	818	37
2089	0	342	547	31
2090	0	88	248	19
2091	0	88	248	19
2092	0	177	653	37
2093	0	344	832	68
2094	0	176	755	38
2095	0	88	248	19
2096	0	344	831	67
2097	0	299	1174	49
2098	0	323	1466	65
2099	0	719	1599	118
2100	0	295	785	27
2101	0	592	990	73
2102	0	1131	1479	112
2103	0	881	1312	71
2104	0	535	961	81
2105	0	129	691	27
2106	0	177	1279	45
2107	0	244	998	40
2108	0	149	809	33
2109	0	325	1949	84
2110	0	365	1045	70
2111	0	385	1323	49
2112	0	608	3053	119
2113	0	352	953	33
2114	0	710	447	104
2115	0	1670	498	188
2116	0	1643	73	27
2117	0	1624	159	57
2118	0	870	299	86
2119	0	1570	1668	205
2120	0	1095	1059	195
2121	0	889	407	50
2122	0	1000	240	57
2123	0	833	693	92
2124	0	1349	1212	175
2125	0	5	18	0
2126	0	1336	108	34
2127	0	1094	347	63
2128	0	789	155	73
2129	0	864	292	61
2130	0	1441	357	110
2131	0	993	856	140
2132	0	779	168	57
2133	0	1325	208	49
2134	0	2087	2122	220
2135	0	3155	2443	306
2136	0	3467	1388	235
2137	0	1784	1189	133
2138	0	1758	1921	187
2139	0	1276	1624	210
2140	0	1200	1044	118
2141	0	974	2107	149
2142	0	884	359	92
2143	0	983	818	181
2144	0	1159	828	157
2145	0	731	754	155
2146	0	1137	182	47
2147	0	1073	951	143
2148	0	893	905	116
2149	0	2052	780	146
2150	0	1206	1246	195
2151	0	1834	155	59
2152	0	2156	551	150
2153	0	1437	712	122
2154	0	2225	688	144
2155	0	1623	683	177
2156	0	1266	594	186
2157	0	1000	666	120
2158	0	836	404	128
2159	0	2151	512	128
2160	0	686	598	99
2161	0	2271	366	104
2162	0	2085	421	109
2163	0	1665	625	113
2164	0	4240	2442	396
2165	0	2077	2222	283
2166	0	707	1521	121
2167	0	4014	2152	360
2168	0	868	1424	119
2169	0	1320	1017	108
2170	0	3730	1516	380
2171	0	1480	93	81
2172	0	1289	715	167
2173	0	1579	77	36
2174	0	1351	444	153
2175	0	546	509	69
2176	0	1124	961	149
2177	0	759	883	124
2178	0	1214	1288	176
2179	0	2950	560	124
2180	0	2993	591	160
2181	0	2540	2978	369
2182	0	2746	1376	265
2183	0	1687	432	132
2184	0	1410	135	77
2185	0	1773	465	175
2186	0	1728	109	56
2187	0	1010	30	27
2188	0	887	33	21
2189	0	1047	1117	161
2190	0	775	305	59
2191	0	864	201	37
2192	0	1055	313	81
2193	0	1224	178	73
2194	0	1961	38	43
2195	0	868	711	99
2196	0	863	656	118
2197	0	1064	917	144
2198	0	652	532	106
2199	0	1212	218	69
2200	0	1326	1652	185
2201	0	1164	98	55
2202	0	648	659	112
2203	0	720	597	115
2204	0	592	342	72
2205	0	1237	74	39
2206	0	1122	406	63
2207	0	1350	321	69
2208	0	1454	167	54
2209	0	670	204	40
2210	0	1717	292	78
2211	0	1410	710	133
2212	0	1162	562	177
2213	0	1029	416	113
2214	0	1114	220	43
2215	0	1141	268	65
2216	0	582	234	49
2217	0	1112	835	134
2218	0	741	306	58
2219	0	3148	1240	355
2220	0	1054	156	59
2221	0	1874	158	52
2222	0	490	226	40
2223	0	588	477	72
2224	0	653	718	100
2225	0	906	329	63
2226	0	1522	225	87
2227	0	1367	170	42
2228	0	1391	28	34
2229	0	726	450	77
2230	0	590	544	88
2231	0	1466	2008	232
2232	0	2268	2267	334
2233	0	3810	589	154
2234	0	713	894	131
2235	0	1836	2165	253
2236	0	1694	421	83
2237	0	4021	3072	429
2238	0	1197	1305	141
2239	0	1916	1858	235
2240	0	1919	242	54
2241	0	1408	114	54
2242	0	835	379	84
2243	0	1436	1591	226
2244	0	880	834	116
2245	0	631	666	121
2246	0	1262	1263	136
2247	0	2316	748	233
2248	0	1795	2338	246
2249	0	1769	2154	251
2250	0	1198	197	75
2251	0	989	307	80
2252	0	1648	376	172
2253	0	1464	59	35
2254	0	645	520	103
2255	0	691	567	113
2256	0	1041	970	144
2257	0	1718	2545	227
2258	0	696	704	75
2259	0	3089	1405	217
2260	0	2826	812	162
2261	0	1608	817	91
2262	0	1472	2146	240
2263	0	1459	1784	188
2264	0	3548	400	112
2265	0	4825	1518	300
2266	0	5209	1203	303
2267	0	763	779	151
2268	0	976	279	85
2269	0	1142	422	100
2270	0	1163	1254	188
2271	0	1139	1012	156
2272	0	2323	1259	252
2273	0	1405	98	45
2274	0	683	731	85
2275	0	1928	699	141
2276	0	2659	363	87
2277	0	1828	613	114
2278	0	1153	1242	167
2279	0	786	495	94
2280	0	1058	744	153
2281	0	1845	385	91
2282	0	925	286	68
2283	0	1674	1602	182
2284	0	717	1227	142
2285	0	3	42	1
2286	0	58	104	6
2287	0	833	625	124
2288	0	920	464	108
2289	0	1418	66	29
2290	0	1425	136	33
2291	0	857	398	46
2292	0	1471	491	68
2293	0	2234	445	64
2294	0	1801	75	50
2295	0	1585	646	103
2296	0	1192	235	62
2297	0	1230	152	51
2298	0	1114	645	113
2299	0	605	785	96
2300	0	731	878	125
2301	0	1016	817	143
2302	0	2821	1282	138
2303	0	620	608	76
2304	0	641	1072	96
2305	0	1039	2111	172
2306	0	3544	957	174
2307	0	1526	773	125
2308	0	2957	1684	259
2309	0	1017	758	63
2310	0	131	14	6
2311	0	358	614	33
2312	0	165	183	10
2313	0	1406	1168	89
2314	0	1409	1691	128
2315	0	559	804	29
2316	0	961	1640	86
2317	0	991	2470	100
2318	0	706	1913	74
2319	0	901	1691	72
2320	0	819	1462	73
2321	0	516	880	59
2322	0	1407	1168	89
2323	0	622	2165	121
2324	0	354	925	41
2325	0	704	1433	100
2326	0	559	804	30
2327	0	389	1359	74
2328	0	757	1905	93
2329	0	465	1920	105
2330	0	703	1432	100
2331	0	282	572	61
2332	0	385	1066	70
2333	0	94	210	15
2334	0	495	1310	76
2335	0	623	1059	75
2336	0	404	1301	82
2337	0	66	228	16
2338	0	258	501	50
2339	0	403	945	76
2340	0	352	1001	61
2341	0	62	338	17
2342	0	113	376	23
2343	0	359	925	62
2344	0	262	675	59
2345	0	523	1082	90
2346	0	477	1110	108
2347	0	335	883	54
2348	0	437	718	52
2349	0	207	765	39
2350	0	231	1068	60
2351	0	478	1845	117
2352	0	134	830	29
2353	0	474	1858	102
2354	0	119	334	14
2355	0	112	472	32
2356	0	235	929	49
2357	0	202	999	52
2358	0	137	741	38
2359	0	88	358	14
2360	0	302	1130	57
2361	0	230	1158	74
2362	0	119	376	21
2363	0	201	731	27
2364	0	270	1260	63
2365	0	145	486	14
2366	0	208	158	8
2367	0	524	1081	129
2368	0	888	1832	151
2369	0	328	1335	80
2370	0	4296	7202	707
2371	0	841	1957	161
2372	0	471	1038	80
2373	0	952	2055	177
2374	0	886	1519	133
2375	0	503	85	21
2376	0	871	1353	128
2377	0	1144	2529	216
2378	0	806	1540	96
2379	0	306	1411	169
2380	0	1316	1992	206
2381	0	564	1346	105
2382	0	432	1083	67
2383	0	448	825	74
2384	0	713	1290	96
2385	0	690	145	27
2386	0	445	188	20
2387	0	597	1721	98
2388	0	281	1018	43
2389	0	380	986	47
2390	0	271	1026	34
2391	0	984	615	97
2392	0	231	1749	67
2393	0	299	1254	63
2394	0	580	244	38
2395	0	406	309	33
2396	0	765	376	47
2397	0	323	1011	59
2398	0	334	1339	48
2399	0	635	362	23
2400	0	279	1046	45
2401	0	609	1668	99
2402	0	929	1784	146
2403	0	274	642	47
2404	0	1103	1891	132
2405	0	1038	2327	175
2406	0	1122	1846	182
2407	0	205	1558	56
2408	0	420	1038	79
2409	0	235	1628	55
2410	0	1128	1560	199
2411	0	704	1509	113
2412	0	1447	1693	189
2413	0	601	1081	127
2414	0	330	816	66
2415	0	403	804	80
2416	0	936	804	126
2417	0	737	689	107
2418	0	2413	1597	303
2419	0	1894	1217	241
2420	0	1861	58	61
2421	0	418	35	20
2422	0	3640	1411	459
2423	0	1101	702	127
2424	0	1394	695	151
2425	0	582	426	68
2426	0	2514	1232	271
2427	0	1617	882	176
2428	0	2886	106	72
2429	0	2153	770	224
2430	0	1815	189	97
2431	0	1331	47	28
2432	0	1377	785	152
2433	0	473	403	63
2434	0	1453	654	138
2435	0	861	629	97
2436	0	2006	1345	241
2437	0	1523	1262	209
2438	0	869	576	105
2439	0	2353	471	169
2440	0	1052	236	65
2441	0	977	515	107
2442	0	826	921	117
2443	0	2184	1015	242
2444	0	735	553	103
2445	0	794	521	83
2446	0	859	417	71
2447	0	789	197	61
2448	0	1498	381	104
2449	0	898	450	100
2450	0	2181	1904	325
2451	0	1429	1185	169
2452	0	1132	1520	173
2453	0	1510	1181	214
2454	0	3818	4070	628
2455	0	2380	1616	172
2456	0	3643	1896	334
2457	0	5309	2050	428
2458	0	1539	1183	157
2459	0	1927	1231	210
2460	0	976	377	111
2461	0	1667	553	167
2462	0	526	365	59
2463	0	1539	839	203
2464	0	900	532	123
2465	0	1347	718	164
2466	0	620	394	79
2467	0	1029	674	132
2468	0	1018	490	133
2469	0	1077	634	135
2470	0	1198	693	182
2471	0	812	566	102
2472	0	2185	1450	224
2473	0	1297	958	156
2474	0	1136	414	121
2475	0	1248	353	104
2476	0	838	338	90
2477	0	1337	839	177
2478	0	1109	870	124
2479	0	1350	535	118
2480	0	1118	1234	144
2481	0	1438	942	143
2482	0	1807	984	211
2483	0	846	491	76
2484	0	1025	529	104
2485	0	1181	764	166
2486	0	1052	1018	166
2487	0	1456	1452	279
2488	0	1612	932	156
2489	0	1260	986	147
2490	0	1946	1579	292
2491	0	3615	2683	540
2492	0	1654	1413	226
2493	0	1690	1063	210
2494	0	1519	1316	238
2495	0	7981	4320	799
2496	0	1533	1145	217
2497	0	2527	1279	217
2498	0	1063	1093	118
2499	0	2134	2189	273
2500	0	1104	1242	198
2501	0	1090	629	110
2502	0	1402	1451	193
2503	0	919	1252	125
2504	0	414	426	71
2505	0	863	1100	114
2506	0	1038	1381	168
2507	0	2017	2416	303
2508	0	1295	1213	188
2509	0	2824	3507	394
2510	0	1407	1974	192
2511	0	1169	977	222
2512	0	3006	2779	324
2513	0	951	1436	230
2514	0	2989	2802	295
2515	0	992	1218	263
2516	0	1759	1221	232
2517	0	1080	1550	194
2518	0	2126	965	252
2519	0	2185	1843	242
2520	0	1472	1615	198
2521	0	1103	806	110
2522	0	1706	2081	232
2523	0	2687	922	309
2524	0	2509	713	157
2525	0	536	381	67
2526	0	1984	104	62
2527	0	1631	546	181
2528	0	1353	403	143
2529	0	912	886	127
2530	0	609	313	43
2531	0	2455	223	75
2532	0	3932	2016	345
2533	0	2414	387	119
2534	0	731	825	59
2535	0	2215	807	154
2536	0	2858	1602	208
2537	0	3402	1427	311
2538	0	389	369	44
2539	0	1512	578	107
2540	0	1549	958	141
2541	0	4836	750	194
2542	0	1453	1168	160
2543	0	1963	270	84
2544	0	851	552	125
2545	0	760	378	63
2546	0	1037	1012	121
2547	0	1124	966	129
2548	0	1889	907	158
2549	0	1196	493	113
2550	0	1086	1223	138
2551	0	1213	344	142
2552	0	724	435	72
2553	0	3018	635	163
2554	0	916	1098	101
2555	0	720	1020	101
2556	0	1239	2264	193
2557	0	1859	2189	298
2558	0	1262	2003	182
2559	0	1622	2986	276
2560	0	222	386	28
2561	0	1326	1197	168
2562	0	2491	2040	296
2563	0	2510	652	171
2564	0	2968	159	75
2565	0	1435	597	160
2566	0	1217	511	103
2567	0	876	615	116
2568	0	1007	902	154
2569	0	1586	46	50
2570	0	1627	366	91
2571	0	1268	527	114
2572	0	1414	990	154
2573	0	1162	421	96
2574	0	883	763	112
2575	0	2674	596	168
2576	0	1318	1769	200
2577	0	1768	1484	222
2578	0	812	1217	113
2579	0	1133	1608	204
2580	0	2612	3123	355
2581	0	997	2171	192
2582	0	1149	37	28
2583	0	808	391	74
2584	0	1652	1668	239
2585	0	1614	2639	242
2586	0	2107	1284	216
2587	0	2434	1241	274
2588	0	3009	2079	239
2589	0	1096	925	109
2590	0	1464	1344	145
2591	0	327	680	28
2592	0	921	1247	98
2593	0	1652	958	116
2594	0	788	980	92
2595	0	1985	1147	226
2596	0	1292	767	174
2597	0	1050	579	111
2598	0	1883	1561	260
2599	0	1070	1081	154
2600	0	1233	444	132
2601	0	1397	483	144
2602	0	2027	431	245
2603	0	631	436	71
2604	0	1115	840	150
2605	0	2743	420	138
2606	0	1273	212	81
2607	0	69	181	9
2608	0	597	1759	97
2609	0	339	1536	74
2610	0	134	635	22
2611	0	79	174	7
2612	0	542	1493	86
2613	0	136	555	30
2614	0	597	452	49
2615	0	440	1755	75
2616	0	171	661	28
2617	0	905	1495	103
2618	0	569	1146	89
2619	0	633	1711	96
2620	0	365	1610	54
2621	0	44	312	12
2622	0	668	1183	63
2623	0	243	822	29
2624	0	280	1069	49
2625	0	723	1820	81
2626	0	69	181	9
2627	0	19	119	3
2628	0	54	174	11
2629	0	30	141	4
2630	0	137	555	31
2631	0	175	479	18
2632	0	175	479	18
2633	0	673	1727	81
2634	0	343	648	31
2635	0	30	141	4
2636	0	294	176	15
2637	0	186	802	45
2638	0	131	249	6
2639	0	54	173	11
2640	0	30	141	4
2641	0	611	825	57
2642	0	393	723	45
2643	0	652	560	50
2644	0	1798	1465	155
2645	0	3697	3003	321
2646	0	342	396	50
2647	0	1334	56	46
2648	0	1366	33	31
2649	0	359	850	64
2650	0	739	1104	85
2651	0	462	307	35
2652	0	298	435	45
2653	0	371	605	60
2654	0	383	348	63
2655	0	1122	139	40
2656	0	478	20	10
2657	0	3297	3544	277
2658	0	1482	3586	176
2659	0	1034	2119	103
2660	0	1499	578	91
2661	0	3042	3955	301
2662	0	668	1314	78
2663	0	573	827	38
2664	0	686	494	61
2665	0	9517	5148	663
2666	0	2870	917	148
2667	0	1315	151	43
2668	0	1534	202	34
2669	0	1493	517	81
2670	0	2865	1437	281
2671	0	729	1430	78
2672	0	1610	487	103
2673	0	3070	2120	197
2674	0	1118	575	83
2675	0	678	1007	64
2676	0	1991	2069	156
2677	0	724	1053	99
2678	0	1479	593	73
2679	0	436	1265	57
2680	0	676	466	65
2681	0	466	249	29
2682	0	956	540	57
2683	0	664	145	33
2684	0	1967	553	89
2685	0	1362	304	59
2686	0	516	342	44
2687	0	899	414	66
2688	0	5984	1995	279
2689	0	164	389	33
2690	0	526	937	83
2691	0	444	985	105
2692	0	780	682	162
