1	0	438	722	13
2	0	370	627	11
3	0	1134	986	35
4	0	620	993	20
5	0	651	1127	10
6	0	205	657	9
7	0	595	1124	10
8	0	423	694	20
9	0	212	683	16
10	0	327	1257	21
11	0	250	1096	18
12	0	474	433	14
13	0	299	1337	28
14	0	246	1036	15
15	0	428	922	14
16	0	407	1232	27
17	0	538	737	13
18	0	1015	806	11
19	0	586	1168	23
20	0	890	1889	70
21	0	1833	3130	75
22	0	790	289	6
23	0	298	256	1
24	0	302	337	3
25	0	379	215	3
26	0	38	455	5
27	0	2083	883	17
28	0	387	177	2
29	0	551	107	0
30	0	824	966	31
31	0	1004	1408	58
32	0	973	634	65
33	0	169	253	16
34	0	166	201	11
35	0	1233	773	101
36	0	790	282	36
37	0	1262	1176	63
38	0	97	159	6
39	0	865	1197	33
40	0	925	954	66
41	0	1211	1147	69
42	0	397	857	18
43	0	276	443	19
44	0	626	936	34
45	0	154	184	7
46	0	604	939	22
47	0	208	500	13
48	0	30	64	1
49	0	1188	788	95
50	0	32	162	2
51	0	147	479	6
52	0	50	250	3
53	0	498	906	25
54	0	768	1275	19
55	0	881	520	8
56	0	236	353	4
57	0	574	841	13
58	0	489	448	8
59	0	34	164	1
60	0	31	219	3
61	0	37	184	4
62	0	23	181	0
63	0	116	383	7
64	0	20	31	0
65	0	49	303	4
66	0	476	202	3
67	0	965	568	13
68	0	236	225	7
69	0	332	328	5
70	0	168	435	10
71	0	223	399	7
72	0	357	408	2
73	0	608	65	1
74	0	650	171	1
75	0	252	24	0
76	0	100	318	4
77	0	40	187	1
78	0	142	448	10
79	0	107	230	1
80	0	230	586	11
81	0	101	376	6
82	0	24	127	0
83	0	101	232	1
84	0	339	263	15
85	0	107	69	1
86	0	800	324	7
87	0	1413	460	16
88	0	2930	2232	55
89	0	501	467	13
90	0	333	472	3
91	0	888	1239	26
92	0	433	147	9
93	0	740	349	19
94	0	616	7	1
95	0	673	461	16
96	0	303	329	13
97	0	332	757	14
98	0	459	1809	39
99	0	285	606	12
100	0	665	1276	40
101	0	384	1388	33
102	0	171	997	23
103	0	508	871	27
104	0	671	1148	26
105	0	420	439	9
106	0	217	665	10
107	0	524	806	22
108	0	481	2098	34
109	0	210	628	10
110	0	993	707	33
111	0	750	1490	30
112	0	295	730	19
113	0	544	1571	24
114	0	208	792	14
115	0	427	1336	22
116	0	364	1163	36
117	0	1232	568	13
118	0	688	30	1
119	0	237	956	25
120	0	119	451	3
121	0	218	968	28
122	0	1384	583	19
123	0	1203	11	4
124	0	352	774	27
125	0	632	675	12
126	0	606	590	14
127	0	890	583	29
128	0	543	253	15
129	0	1019	823	23
130	0	1087	535	14
131	0	950	529	8
132	0	691	1139	20
133	0	957	1963	46
134	0	239	621	12
135	0	585	1407	15
136	0	357	1326	12
137	0	831	701	15
138	0	1344	1491	37
139	0	910	1594	35
140	0	1441	1648	43
141	0	301	821	6
142	0	1819	3150	65
143	0	416	1204	28
144	0	888	1160	25
145	0	311	812	13
146	0	247	1055	25
147	0	229	544	8
148	0	245	1120	17
149	0	357	727	9
150	0	435	1151	10
151	0	259	441	8
152	0	483	1312	17
153	0	270	531	4
154	0	135	624	7
155	0	886	2276	54
156	0	584	1156	25
157	0	1549	3010	68
158	0	2040	2030	66
159	0	1264	1691	43
160	0	1188	2123	39
161	0	609	1142	16
162	0	1336	3006	74
163	0	530	1713	34
164	0	368	925	16
165	0	108	468	8
166	0	831	1107	26
167	0	305	706	20
168	0	211	275	2
169	0	581	1043	12
170	0	393	668	13
171	0	419	348	11
172	0	821	109	5
173	0	687	210	1
174	0	575	415	14
175	0	106	232	5
176	0	330	369	10
177	0	198	140	2
178	0	634	1260	20
179	0	305	189	5
180	0	1291	788	13
181	0	756	496	11
182	0	153	262	1
183	0	236	200	2
184	0	8	13	0
185	0	571	752	26
186	0	897	1286	36
187	0	277	312	14
188	0	312	348	19
189	0	831	1032	41
190	0	598	605	17
191	0	685	730	23
192	0	97	80	2
193	0	466	527	27
194	0	626	610	27
195	0	581	667	23
196	0	232	519	13
197	0	316	498	10
198	0	541	1157	20
199	0	197	263	7
200	0	244	500	13
201	0	598	837	31
202	0	514	507	16
203	0	549	541	20
204	0	61	202	2
205	0	461	726	19
206	0	240	521	11
207	0	299	241	15
208	0	598	729	19
209	0	159	114	4
210	0	202	64	1
211	0	873	90	2
212	0	1091	102	1
213	0	676	126	5
214	0	416	452	4
215	0	769	202	3
216	0	1461	98	4
217	0	910	245	1
218	0	409	641	3
219	0	977	88	1
220	0	244	133	1
221	0	231	331	15
222	0	728	1093	16
223	0	714	980	9
224	0	100	103	1
225	0	219	486	9
226	0	185	510	4
227	0	292	296	5
228	0	427	670	7
229	0	378	383	8
230	0	241	409	3
231	0	262	393	4
232	0	576	616	7
233	0	667	596	5
234	0	329	389	2
235	0	393	323	2
236	0	213	336	4
237	0	255	390	7
238	0	194	388	8
239	0	635	162	1
240	0	397	323	7
241	0	1442	491	10
242	0	1048	61	4
243	0	341	371	5
244	0	602	69	4
245	0	252	118	1
246	0	1147	350	4
247	0	112	96	1
248	0	175	31	1
249	0	431	547	26
250	0	339	633	18
251	0	220	172	10
252	0	44	78	3
253	0	185	375	11
254	0	148	320	13
255	0	292	619	14
256	0	226	656	14
257	0	159	617	14
258	0	127	325	3
259	0	140	319	10
260	0	224	556	8
261	0	78	186	3
262	0	518	1030	44
263	0	341	802	19
264	0	649	1277	24
265	0	57	129	4
266	0	54	139	7
267	0	401	603	24
268	0	158	253	3
269	0	246	394	5
270	0	60	324	1
271	0	469	1341	13
272	0	174	438	23
273	0	623	1570	44
274	0	794	1363	50
275	0	167	233	8
276	0	61	70	1
277	0	235	521	16
278	0	838	2177	54
279	0	221	205	2
280	0	228	367	3
281	0	135	392	7
282	0	995	1320	27
283	0	1641	1098	28
284	0	745	962	5
285	0	1447	364	9
286	0	654	1262	19
287	0	723	1562	15
288	0	669	2141	28
289	0	349	310	7
290	0	990	2052	29
291	0	362	414	11
292	0	334	406	4
293	0	970	587	21
294	0	643	698	19
295	0	322	1132	21
296	0	931	372	11
297	0	1082	927	21
298	0	868	1741	35
299	0	464	1387	16
300	0	1248	1869	36
301	0	756	1823	29
302	0	1211	1478	57
303	0	50	274	2
304	0	180	545	14
305	0	401	883	38
306	0	488	1048	24
307	0	1777	927	43
308	0	976	14	0
309	0	3474	222	13
310	0	1816	928	30
311	0	1799	1070	28
312	0	3194	1474	49
313	0	1879	1088	15
314	0	1966	495	30
315	0	1192	206	17
316	0	236	418	13
317	0	253	492	18
318	0	503	910	17
319	0	339	453	12
320	0	406	1152	19
321	0	367	593	11
322	0	273	870	16
323	0	229	634	10
324	0	254	676	15
325	0	118	381	7
326	0	254	540	18
327	0	411	476	12
328	0	430	978	22
329	0	252	678	9
330	0	558	735	16
331	0	192	574	15
332	0	1927	255	15
333	0	2885	2028	74
334	0	3768	592	23
335	0	1884	49	6
336	0	2305	1469	50
337	0	3203	873	60
338	0	305	1182	15
339	0	373	943	19
340	0	195	573	23
341	0	2388	1677	58
342	0	1269	1268	22
343	0	1363	210	24
344	0	1433	91	15
345	0	4448	777	44
346	0	937	985	30
347	0	1950	1094	20
348	0	3288	494	28
349	0	477	668	10
350	0	2155	281	26
351	0	1072	375	17
352	0	2347	283	21
353	0	1467	56	3
354	0	4468	1704	91
355	0	1562	29	0
356	0	3382	1024	67
357	0	1196	667	13
358	0	1199	2893	39
359	0	1255	1983	50
360	0	1342	1215	20
361	0	1239	2117	29
362	0	1912	2564	59
363	0	1507	2655	44
364	0	843	1932	31
365	0	994	708	20
366	0	1545	1567	47
367	0	858	1540	40
368	0	2423	3209	76
369	0	1018	2515	51
370	0	1590	760	33
371	0	3277	1311	41
372	0	1666	1041	35
373	0	2925	1051	61
374	0	1579	738	28
375	0	1388	200	20
376	0	4115	1072	79
377	0	1227	427	22
378	0	506	17	0
379	0	1068	24	2
380	0	1260	54	3
381	0	3988	45	20
382	0	1342	94	8
383	0	913	80	3
384	0	815	95	7
385	0	1296	136	26
386	0	1160	235	16
387	0	777	13	3
388	0	1001	222	19
389	0	1173	201	17
390	0	117	590	7
391	0	189	492	10
392	0	439	823	17
393	0	299	825	15
394	0	335	746	12
395	0	1741	352	16
396	0	5512	961	84
397	0	1196	1498	35
398	0	1658	436	38
399	0	350	489	10
400	0	193	200	12
401	0	417	736	8
402	0	339	975	27
403	0	400	658	21
404	0	490	356	5
405	0	875	429	6
406	0	2158	376	6
407	0	1302	901	20
408	0	444	799	16
409	0	709	1169	19
410	0	280	854	13
411	0	677	1457	35
412	0	738	1409	35
413	0	452	1146	16
414	0	442	541	20
415	0	477	848	14
416	0	291	447	9
417	0	850	1088	31
418	0	633	5	4
419	0	1148	2856	60
420	0	418	1218	23
421	0	604	875	31
422	0	717	886	29
423	0	853	1100	36
424	0	599	1803	40
425	0	849	1885	41
426	0	251	493	6
427	0	566	263	1
428	0	414	451	8
429	0	625	715	20
430	0	200	366	7
431	0	41	198	4
432	0	160	998	6
433	0	1012	959	20
434	0	436	1257	16
435	0	448	1023	22
436	0	783	1961	39
437	0	676	1407	24
438	0	760	720	27
439	0	369	1129	22
440	0	574	666	27
441	0	487	582	25
442	0	969	2319	36
443	0	526	1253	32
444	0	595	330	12
445	0	727	1363	23
446	0	518	1641	21
447	0	848	806	16
448	0	132	432	8
449	0	80	302	5
450	0	79	192	4
451	0	90	417	5
452	0	952	199	10
453	0	466	1776	37
454	0	284	120	7
455	0	112	129	2
456	0	109	237	5
457	0	792	697	11
458	0	440	705	20
459	0	701	2092	43
460	0	257	244	8
461	0	376	1233	19
462	0	553	1082	13
463	0	369	370	10
464	0	469	355	0
465	0	435	178	2
466	0	531	838	11
467	0	1220	859	21
468	0	148	190	7
469	0	749	745	16
470	0	1177	1093	17
471	0	151	687	13
472	0	616	215	12
473	0	43	126	1
474	0	1010	1443	33
475	0	760	1201	31
476	0	198	110	2
477	0	577	993	17
478	0	602	1255	25
479	0	363	482	9
480	0	648	287	2
481	0	58	369	1
482	0	1260	937	16
483	0	262	357	3
484	0	192	704	3
485	0	352	668	2
486	0	1078	420	6
487	0	426	535	8
488	0	1498	740	8
489	0	1497	1500	15
490	0	632	850	16
491	0	8	133	1
492	0	212	657	11
493	0	267	695	4
494	0	611	423	11
495	0	142	190	2
496	0	153	448	5
497	0	574	323	4
498	0	218	561	9
499	0	443	296	3
500	0	63	224	2
501	0	168	430	3
502	0	525	640	0
503	0	526	157	2
504	0	179	589	11
505	0	78	343	11
506	0	251	681	6
507	0	600	786	20
508	0	649	1251	5
509	0	440	1846	14
510	0	1038	1095	25
511	0	503	493	13
512	0	677	156	6
513	0	1381	669	15
514	0	2464	2647	29
515	0	838	1584	17
516	0	2518	1403	40
517	0	1069	1933	18
518	0	207	449	4
519	0	321	1670	20
520	0	448	745	4
521	0	1454	200	6
522	0	1329	1344	16
523	0	212	667	7
524	0	38	185	4
525	0	225	673	10
526	0	212	133	2
527	0	246	332	7
528	0	596	1336	27
529	0	78	290	5
530	0	367	626	10
531	0	982	392	11
532	0	254	769	16
533	0	473	484	11
534	0	196	444	11
535	0	638	766	19
536	0	142	350	2
537	0	499	495	12
538	0	390	130	1
539	0	696	1477	20
540	0	732	1406	26
541	0	641	1077	45
542	0	490	652	26
543	0	652	1590	37
544	0	963	963	34
545	0	272	444	19
546	0	280	577	16
547	0	535	979	27
548	0	225	382	10
549	0	358	604	17
550	0	564	770	13
551	0	559	936	19
552	0	485	845	27
553	0	570	1087	13
554	0	502	755	16
555	0	563	925	22
556	0	250	559	14
557	0	772	1675	27
558	0	839	1487	22
559	0	564	1193	19
560	0	1059	477	4
561	0	234	849	20
562	0	487	644	9
563	0	1257	1167	16
564	0	320	320	4
565	0	199	434	5
566	0	652	1297	25
567	0	572	1030	31
568	0	413	1243	29
569	0	276	332	9
570	0	800	844	24
571	0	384	302	7
572	0	525	257	5
573	0	412	336	6
574	0	281	596	4
575	0	789	151	5
576	0	973	626	9
577	0	842	305	5
578	0	1314	399	7
579	0	1142	518	8
580	0	100	95	2
581	0	257	581	13
582	0	268	504	19
583	0	485	1058	15
584	0	457	1345	25
585	0	463	999	20
586	0	1077	1553	33
587	0	825	738	23
588	0	831	468	23
589	0	766	1154	30
590	0	1804	2395	32
591	0	911	1165	16
592	0	1140	582	14
593	0	2036	821	9
594	0	3590	928	32
595	0	1748	2024	29
596	0	813	44	2
597	0	748	2365	23
598	0	915	856	11
599	0	1190	1174	30
600	0	495	949	9
601	0	1684	207	13
602	0	1391	1201	24
603	0	1925	96	6
604	0	194	573	7
605	0	289	871	8
606	0	119	472	9
607	0	80	425	6
608	0	355	1032	32
609	0	187	494	6
610	0	404	944	27
611	0	348	982	29
612	0	292	755	18
613	0	275	630	11
614	0	421	844	18
615	0	204	653	26
616	0	64	227	8
617	0	146	376	6
618	0	543	367	20
619	0	953	276	14
620	0	1334	414	12
621	0	886	1175	19
622	0	909	1281	19
623	0	662	1115	20
624	0	198	541	2
625	0	902	1303	24
626	0	921	1562	14
627	0	1676	1447	38
628	0	446	462	6
629	0	374	545	13
630	0	818	479	10
631	0	269	339	4
632	0	822	687	12
633	0	1430	1282	18
634	0	964	655	27
635	0	853	1750	22
636	0	1921	1459	23
637	0	622	504	35
638	0	1527	1007	50
639	0	751	1083	13
640	0	97	206	4
641	0	656	988	29
642	0	41	206	5
643	0	379	535	25
644	0	287	858	34
645	0	501	1022	30
646	0	629	627	26
647	0	631	393	15
648	0	359	728	24
649	0	575	478	13
650	0	480	695	17
651	0	663	532	28
652	0	739	918	23
653	0	235	291	7
654	0	67	241	3
655	0	100	319	4
656	0	120	225	5
657	0	267	372	11
658	0	1244	2219	46
659	0	1005	1248	23
660	0	278	940	17
661	0	589	1451	26
662	0	294	794	18
663	0	415	566	11
664	0	378	1199	22
665	0	427	1158	9
666	0	429	1314	19
667	0	289	1175	20
668	0	517	1069	17
669	0	367	1031	16
670	0	241	901	16
671	0	547	574	12
672	0	871	43	2
673	0	1027	643	14
674	0	550	1318	11
675	0	961	276	5
676	0	934	700	7
677	0	886	1191	19
678	0	421	1414	16
679	0	411	1616	15
680	0	462	1298	12
681	0	253	481	12
682	0	270	815	22
683	0	601	1408	26
684	0	180	671	10
685	0	814	2166	21
686	0	479	1191	38
687	0	277	561	8
688	0	271	545	8
689	0	455	1183	26
690	0	557	443	15
691	0	452	1074	27
692	0	597	528	17
693	0	352	700	9
694	0	186	704	20
695	0	350	844	17
696	0	396	473	15
697	0	243	314	14
698	0	1017	271	5
699	0	498	1644	10
700	0	683	2077	18
701	0	648	1508	15
702	0	1044	58	7
703	0	600	1134	9
704	0	1031	1916	16
705	0	708	956	7
706	0	662	1864	19
707	0	278	1537	12
708	0	781	1077	11
709	0	641	629	6
710	0	483	1025	10
711	0	881	420	2
712	0	1164	80	6
713	0	966	150	6
714	0	1150	1016	10
715	0	490	787	15
716	0	441	1171	16
717	0	619	549	16
718	0	271	506	14
719	0	1019	461	4
720	0	950	469	11
721	0	1003	240	1
722	0	1374	193	11
723	0	475	277	9
724	0	892	1626	22
725	0	1294	1258	33
726	0	713	508	10
727	0	815	76	4
728	0	854	15	0
729	0	633	306	4
730	0	581	253	15
731	0	514	166	11
732	0	1247	1900	43
733	0	379	1368	19
734	0	117	372	8
735	0	168	603	10
736	0	647	1967	46
737	0	577	809	20
738	0	704	1146	34
739	0	480	743	12
740	0	809	977	39
741	0	1315	1179	32
742	0	1539	1230	51
743	0	969	1404	41
744	0	2806	3445	93
745	0	1670	3410	61
746	0	115	397	17
747	0	188	529	13
748	0	215	453	9
749	0	614	655	21
750	0	374	613	17
751	0	613	1187	28
752	0	86	390	4
753	0	223	625	13
754	0	133	329	5
755	0	63	483	10
756	0	81	333	4
757	0	89	201	6
758	0	330	740	25
759	0	316	1021	19
760	0	259	849	21
761	0	552	1835	37
762	0	309	862	14
763	0	352	612	14
764	0	373	961	24
765	0	388	1025	10
766	0	315	724	21
767	0	569	1067	27
768	0	2063	3354	72
769	0	1836	2624	56
770	0	1057	1664	41
771	0	86	259	4
772	0	186	313	5
773	0	824	1007	17
774	0	1633	2748	73
775	0	1302	2216	36
776	0	543	916	14
777	0	1684	2323	55
778	0	917	1112	45
779	0	2075	382	54
780	0	971	400	10
781	0	2406	619	43
782	0	2467	95	17
783	0	1714	457	39
784	0	1363	189	21
785	0	1029	579	57
786	0	216	416	3
787	0	1023	1713	32
788	0	602	632	22
789	0	992	1486	45
790	0	724	603	20
791	0	1453	2487	55
792	0	331	422	3
793	0	244	355	4
794	0	275	157	3
795	0	456	264	0
796	0	801	81	2
797	0	745	144	4
798	0	391	190	0
799	0	875	254	7
800	0	267	210	1
801	0	682	194	2
802	0	1226	752	46
803	0	615	1913	14
804	0	860	280	28
805	0	864	1660	49
806	0	1046	241	9
807	0	455	145	5
808	0	194	67	1
809	0	1586	1143	88
810	0	501	583	30
811	0	1228	1380	37
812	0	989	859	20
813	0	604	258	9
814	0	1309	357	15
815	0	701	2007	30
816	0	648	174	11
817	0	992	649	23
818	0	733	365	18
819	0	463	472	19
820	0	796	1279	33
821	0	331	529	7
822	0	332	912	18
823	0	788	275	32
824	0	596	645	10
825	0	875	69	16
826	0	1726	61	9
827	0	1904	8	4
828	0	1060	563	12
829	0	353	1345	24
830	0	418	636	19
831	0	418	1066	14
832	0	963	1818	28
833	0	625	827	17
834	0	160	775	13
835	0	672	1845	19
836	0	644	1663	19
837	0	712	1638	25
838	0	553	1320	15
839	0	2297	1032	24
840	0	142	509	8
841	0	930	1682	47
842	0	792	1075	22
843	0	852	1214	28
844	0	1337	458	25
845	0	681	388	24
846	0	1270	5	3
847	0	638	318	20
848	0	419	443	8
849	0	477	1200	14
850	0	778	475	9
851	0	1050	284	16
852	0	289	346	3
853	0	677	841	18
854	0	904	1048	22
855	0	643	135	11
856	0	1758	13	4
857	0	666	658	14
858	0	855	121	0
859	0	100	175	3
860	0	316	322	7
861	0	1919	1330	77
862	0	1904	1597	53
863	0	288	433	9
864	0	690	557	23
865	0	164	184	11
866	0	193	274	11
867	0	490	486	14
868	0	297	462	15
869	0	302	702	16
870	0	389	841	15
871	0	911	806	25
872	0	646	744	14
873	0	1122	1229	34
874	0	729	1110	18
875	0	1017	629	15
876	0	759	491	10
877	0	1937	342	49
878	0	1198	256	47
879	0	1956	9	7
880	0	1734	107	8
881	0	441	812	12
882	0	593	396	15
883	0	1506	593	25
884	0	296	1288	14
885	0	1676	369	19
886	0	1017	1510	52
887	0	1667	291	12
888	0	1634	540	57
889	0	2839	2139	46
890	0	1910	33	7
891	0	1143	258	28
892	0	207	677	11
893	0	392	525	14
894	0	547	684	11
895	0	498	462	10
896	0	411	725	8
897	0	806	608	17
898	0	1784	17	5
899	0	886	394	16
900	0	1420	126	3
901	0	1175	799	16
902	0	1149	180	11
903	0	746	485	32
904	0	517	653	7
905	0	1309	1221	18
906	0	604	622	19
907	0	1118	1098	25
908	0	1712	363	11
909	0	745	1009	25
910	0	587	724	21
911	0	1275	200	6
912	0	680	274	15
913	0	263	876	10
914	0	212	793	14
915	0	561	775	23
916	0	581	301	17
917	0	799	877	14
918	0	516	903	14
919	0	1263	12	1
920	0	2299	421	22
921	0	636	382	14
922	0	1534	952	26
923	0	1312	21	2
924	0	518	838	10
925	0	537	1505	25
926	0	1173	1259	27
927	0	1198	27	1
928	0	588	438	21
929	0	920	1138	24
930	0	1043	325	8
931	0	950	1734	25
932	0	1241	1679	38
933	0	1190	286	9
934	0	992	71	0
935	0	323	1182	27
936	0	532	599	23
937	0	850	1051	29
938	0	1465	70	5
939	0	1436	126	10
940	0	956	325	17
941	0	1103	228	11
942	0	1239	68	2
943	0	686	1031	21
944	0	276	1184	20
945	0	762	34	2
946	0	473	604	10
947	0	1209	12	5
948	0	1436	420	18
949	0	679	815	17
950	0	902	2042	30
951	0	963	274	9
952	0	931	886	25
953	0	1099	668	25
954	0	1978	126	11
955	0	843	205	9
956	0	972	571	21
957	0	754	344	12
958	0	593	837	10
959	0	789	489	13
960	0	532	218	6
961	0	1675	146	11
962	0	586	885	16
963	0	631	835	22
964	0	501	669	13
965	0	978	1052	20
966	0	363	663	11
967	0	852	235	7
968	0	1989	765	20
969	0	1145	270	15
970	0	655	689	27
971	0	1111	1462	39
972	0	1385	61	1
973	0	799	613	15
974	0	1057	748	13
975	0	577	781	13
976	0	373	712	27
977	0	520	481	14
978	0	1426	560	34
979	0	460	1027	14
980	0	1492	227	18
981	0	683	1222	11
982	0	297	803	8
983	0	2460	409	20
984	0	790	1276	25
985	0	1068	305	28
986	0	1477	625	4
987	0	275	800	12
988	0	302	591	5
989	0	466	376	1
990	0	210	454	10
991	0	263	720	20
992	0	1317	575	4
993	0	532	351	4
994	0	662	87	5
995	0	566	719	15
996	0	570	970	13
997	0	308	1358	15
998	0	436	576	8
999	0	442	856	7
1000	0	268	594	14
1001	0	941	365	9
1002	0	429	347	4
1003	0	509	654	12
1004	0	353	638	7
1005	0	454	374	2
1006	0	425	1228	8
1007	0	276	665	6
1008	0	765	1117	17
1009	0	883	125	14
1010	0	85	499	1
1011	0	765	424	14
1012	0	588	1247	23
1013	0	834	108	3
1014	0	1940	13	5
1015	0	1030	74	7
1016	0	994	124	7
1017	0	1160	109	4
1018	0	1760	796	16
1019	0	1239	2005	39
1020	0	891	1868	24
1021	0	428	991	10
1022	0	474	778	2
1023	0	554	379	12
1024	0	757	595	19
1025	0	1340	979	20
1026	0	786	627	20
1027	0	527	486	10
1028	0	1953	1611	30
1029	0	969	702	17
1030	0	1133	494	13
1031	0	1246	263	6
1032	0	324	498	6
1033	0	1276	346	16
1034	0	334	924	15
1035	0	881	1250	14
1036	0	640	836	13
1037	0	926	1741	28
1038	0	335	607	14
1039	0	895	1318	16
1040	0	1448	104	2
1041	0	512	492	11
1042	0	908	1062	18
1043	0	1778	1120	34
1044	0	1172	1082	16
1045	0	1362	832	28
1046	0	540	932	15
1047	0	992	1628	25
1048	0	1371	2467	34
1049	0	1063	31	2
1050	0	514	940	17
1051	0	959	1188	23
1052	0	412	927	14
1053	0	1373	138	8
1054	0	913	1416	30
1055	0	1446	778	19
1056	0	139	358	3
1057	0	486	1075	17
1058	0	938	525	15
1059	0	565	435	11
1060	0	889	796	11
1061	0	553	902	8
1062	0	481	589	8
1063	0	531	735	23
1064	0	621	1604	21
1065	0	1311	2617	51
1066	0	676	1284	28
1067	0	802	1540	18
1068	0	715	1345	16
1069	0	762	444	16
1070	0	905	531	17
1071	0	1044	830	19
1072	0	612	836	14
1073	0	634	1151	18
1074	0	332	943	19
1075	0	458	1049	11
1076	0	136	147	8
1077	0	651	749	33
1078	0	233	277	7
1079	0	105	49	7
1080	0	253	361	20
1081	0	215	385	16
1082	0	977	1093	38
1083	0	303	281	19
1084	0	310	432	17
1085	0	261	232	8
1086	0	241	187	16
1087	0	576	890	31
1088	0	23	178	0
1089	0	336	181	10
1090	0	224	171	5
1091	0	110	143	0
1092	0	103	156	5
1093	0	150	229	3
1094	0	217	135	4
1095	0	221	435	7
1096	0	560	820	10
1097	0	208	536	3
1098	0	392	222	7
1099	0	416	199	1
1100	0	1429	795	10
1101	0	153	80	0
1102	0	679	300	5
1103	0	1245	918	9
1104	0	109	112	2
1105	0	520	253	4
1106	0	318	410	4
1107	0	265	889	12
1108	0	1320	259	39
1109	0	2065	437	39
1110	0	937	300	36
1111	0	1685	179	37
1112	0	837	152	17
1113	0	853	469	23
1114	0	1114	162	33
1115	0	996	1100	38
1116	0	1200	430	18
1117	0	1765	1556	51
1118	0	2014	641	39
1119	0	626	157	14
1120	0	1261	485	50
1121	0	2394	1064	45
1122	0	1843	437	20
1123	0	556	503	11
1124	0	1678	287	38
1125	0	1208	1065	36
1126	0	938	924	44
1127	0	1221	322	23
1128	0	1437	78	27
1129	0	1298	463	21
1130	0	1710	430	17
1131	0	797	489	14
1132	0	750	1288	27
1133	0	708	760	28
1134	0	1437	447	32
1135	0	1217	532	29
1136	0	1238	385	32
1137	0	1280	880	17
1138	0	2098	2045	88
1139	0	1078	1666	34
1140	0	950	1459	26
1141	0	1592	159	46
1142	0	1073	432	37
1143	0	1273	346	43
1144	0	1569	981	48
1145	0	1435	287	23
1146	0	1018	222	16
1147	0	400	380	10
1148	0	598	541	17
1149	0	860	212	20
1150	0	1574	367	18
1151	0	1704	459	65
1152	0	603	143	20
1153	0	1572	334	37
1154	0	1527	875	39
1155	0	662	240	3
1156	0	639	656	11
1157	0	933	449	13
1158	0	628	684	3
1159	0	941	1657	41
1160	0	787	293	6
1161	0	796	807	14
1162	0	966	218	5
1163	0	1102	2108	57
1164	0	1588	1480	29
1165	0	1190	802	17
1166	0	1165	1531	47
1167	0	563	581	7
1168	0	521	400	7
1169	0	1117	499	12
1170	0	754	5	3
1171	0	991	739	12
1172	0	880	930	13
1173	0	1074	1691	26
1174	0	927	333	14
1175	0	428	589	12
1176	0	1525	1273	22
1177	0	1662	21	4
1178	0	437	1068	24
1179	0	1738	1294	21
1180	0	617	857	18
1181	0	439	1403	27
1182	0	472	1082	23
1183	0	598	1907	20
1184	0	1244	73	1
1185	0	635	439	12
1186	0	1163	4	0
1187	0	847	236	23
1188	0	1222	17	1
1189	0	616	2	1
1190	0	610	2	1
1191	0	1007	1053	17
1192	0	553	337	12
1193	0	2154	1274	27
1194	0	1217	41	1
1195	0	986	224	9
1196	0	810	23	1
1197	0	808	508	19
1198	0	870	1941	25
1199	0	772	237	13
1200	0	1105	14	0
1201	0	137	584	3
1202	0	224	847	15
1203	0	537	1870	25
1204	0	414	1085	15
1205	0	267	1092	19
1206	0	529	831	20
1207	0	949	560	15
1208	0	412	504	13
1209	0	115	445	5
1210	0	318	1029	18
1211	0	603	855	18
1212	0	377	1274	30
1213	0	247	865	18
1214	0	210	982	10
1215	0	257	655	9
1216	0	332	1486	17
1217	0	470	804	15
1218	0	320	1212	19
1219	0	283	636	16
1220	0	600	1767	34
1221	0	356	947	14
1222	0	318	899	16
1223	0	210	1042	18
1224	0	648	1162	20
1225	0	274	1446	26
1226	0	300	1273	23
1227	0	325	1651	23
1228	0	381	1854	27
1229	0	302	1232	18
1230	0	301	1042	13
1231	0	532	1875	28
1232	0	438	1396	14
1233	0	39	244	2
1234	0	275	1090	19
1235	0	407	1202	16
1236	0	303	1058	16
1237	0	714	1099	21
1238	0	391	1755	23
1239	0	254	1273	14
1240	0	376	2180	27
1241	0	100	402	4
1242	0	142	581	6
1243	0	757	1437	11
1244	0	744	20	0
1245	0	345	779	13
1246	0	182	759	8
1247	0	772	2232	16
1248	0	1490	1333	17
1249	0	1268	203	5
1250	0	903	554	8
1251	0	654	9	1
1252	0	1354	168	3
1253	0	796	1199	15
1254	0	262	868	16
1255	0	352	462	3
1256	0	324	677	26
1257	0	253	473	7
1258	0	392	785	25
1259	0	857	3	2
1260	0	698	221	1
1261	0	868	723	11
1262	0	804	825	12
1263	0	107	518	6
1264	0	136	664	4
1265	0	152	400	8
1266	0	875	1897	39
1267	0	466	1402	30
1268	0	530	508	11
1269	0	606	424	15
1270	0	300	848	19
1271	0	800	946	13
1272	0	321	798	20
1273	0	516	1425	22
1274	0	398	1006	16
1275	0	455	1475	40
1276	0	571	1592	20
1277	0	808	1330	21
1278	0	570	1618	34
1279	0	454	434	9
1280	0	780	421	9
1281	0	451	643	12
1282	0	747	310	5
1283	0	154	662	7
1284	0	66	371	3
1285	0	505	1907	39
1286	0	297	819	16
1287	0	566	242	4
1288	0	579	1327	35
1289	0	1141	1655	40
1290	0	1115	974	25
1291	0	1400	565	14
1292	0	627	403	13
1293	0	696	478	9
1294	0	1010	433	12
1295	0	984	1626	44
1296	0	313	760	12
1297	0	789	1042	23
1298	0	436	822	15
1299	0	285	444	6
1300	0	649	1108	35
1301	0	927	564	15
1302	0	584	840	27
1303	0	795	1391	30
1304	0	95	132	8
1305	0	614	634	20
1306	0	144	215	4
1307	0	274	534	11
1308	0	1056	1163	39
1309	0	645	1086	42
1310	0	318	534	22
1311	0	419	498	28
1312	0	127	128	8
1313	0	130	185	4
1314	0	158	169	6
1315	0	594	344	4
1316	0	650	736	21
1317	0	941	432	9
1318	0	476	965	10
1319	0	987	570	11
1320	0	351	324	11
1321	0	543	723	17
1322	0	550	549	9
1323	0	1143	1618	31
1324	0	429	1936	36
1325	0	753	683	10
1326	0	667	1147	20
1327	0	2009	275	12
1328	0	488	1661	23
1329	0	483	899	14
1330	0	339	755	7
1331	0	1380	2088	34
1332	0	283	685	22
1333	0	643	1117	18
1334	0	924	1731	25
1335	0	794	336	17
1336	0	568	1125	23
1337	0	559	1195	13
1338	0	425	1593	25
1339	0	534	215	3
1340	0	627	1951	28
1341	0	365	1358	21
1342	0	1145	995	18
1343	0	832	1437	22
1344	0	526	1318	21
1345	0	479	763	18
1346	0	1982	596	13
1347	0	152	361	9
1348	0	386	829	24
1349	0	278	766	20
1350	0	280	761	16
1351	0	181	350	5
1352	0	420	1061	24
1353	0	319	537	16
1354	0	622	1121	23
1355	0	216	327	9
1356	0	255	473	12
1357	0	204	315	10
1358	0	716	1317	32
1359	0	487	1111	21
1360	0	267	430	9
1361	0	552	417	16
1362	0	570	1181	40
1363	0	126	418	7
1364	0	2820	1966	63
1365	0	971	512	18
1366	0	111	478	4
1367	0	2371	1716	40
1368	0	1855	1394	31
1369	0	361	665	8
1370	0	702	937	15
1371	0	333	380	11
1372	0	482	710	13
1373	0	2530	1080	60
1374	0	394	790	18
1375	0	896	925	22
1376	0	84	447	3
1377	0	507	581	28
1378	0	1584	1216	21
1379	0	544	656	11
1380	0	608	749	14
1381	0	1208	1463	28
1382	0	83	313	3
1383	0	412	287	2
1384	0	1139	253	9
1385	0	408	283	7
1386	0	1221	750	10
1387	0	702	695	7
1388	0	1561	1117	13
1389	0	380	141	4
1390	0	1379	78	2
1391	0	1165	593	9
1392	0	351	191	3
1393	0	411	150	4
1394	0	1426	113	1
1395	0	349	101	0
1396	0	1058	1099	14
1397	0	1278	1265	14
1398	0	423	953	21
1399	0	114	202	5
1400	0	728	1195	28
1401	0	857	1194	26
1402	0	308	540	18
1403	0	424	620	18
1404	0	216	313	6
1405	0	361	1324	21
1406	0	164	257	5
1407	0	276	354	6
1408	0	343	413	11
1409	0	487	707	20
1410	0	713	591	19
1411	0	346	857	20
1412	0	1160	1009	34
1413	0	617	789	27
1414	0	430	762	21
1415	0	539	793	22
1416	0	826	404	16
1417	0	573	391	12
1418	0	597	1055	43
1419	0	227	704	7
1420	0	545	479	19
1421	0	378	1222	29
1422	0	439	806	23
1423	0	202	310	10
1424	0	554	1039	23
1425	0	193	539	12
1426	0	258	994	24
1427	0	195	1009	20
1428	0	208	442	10
1429	0	1199	105	3
1430	0	252	965	7
1431	0	571	902	19
1432	0	337	1550	24
1433	0	434	527	10
1434	0	143	517	9
1435	0	401	501	8
1436	0	357	995	14
1437	0	203	968	20
1438	0	339	583	28
1439	0	255	571	12
1440	0	228	1370	21
1441	0	312	1680	26
1442	0	216	525	8
1443	0	200	505	13
1444	0	416	1306	29
1445	0	404	729	20
1446	0	352	1427	14
1447	0	319	828	13
1448	0	362	805	21
1449	0	682	697	16
1450	0	531	974	15
1451	0	406	1246	22
1452	0	221	966	16
1453	0	643	1964	25
1454	0	561	1681	21
1455	0	422	1034	15
1456	0	182	580	13
1457	0	290	818	27
1458	0	133	833	14
1459	0	534	1200	17
1460	0	656	904	25
1461	0	350	935	10
1462	0	247	688	6
1463	0	360	572	1
1464	0	261	466	16
1465	0	384	1639	20
1466	0	1093	92	0
1467	0	847	36	1
1468	0	443	849	14
1469	0	785	1033	23
1470	0	717	1874	20
1471	0	635	102	3
1472	0	811	273	9
1473	0	494	1354	15
1474	0	489	867	14
1475	0	1802	76	2
1476	0	1335	1350	16
1477	0	1808	2504	30
1478	0	421	354	5
1479	0	1435	1203	30
1480	0	691	19	2
1481	0	1489	1548	25
1482	0	445	834	12
1483	0	519	4	1
1484	0	914	765	15
1485	0	435	889	12
1486	0	963	390	8
1487	0	1224	82	1
1488	0	539	1045	15
1489	0	541	411	7
1490	0	522	1420	22
1491	0	289	892	16
1492	0	362	1091	29
1493	0	401	1656	32
1494	0	198	742	12
1495	0	133	604	7
1496	0	590	1296	29
1497	0	638	1740	48
1498	0	146	413	11
1499	0	218	871	24
1500	0	146	728	12
1501	0	314	1125	36
1502	0	801	1265	20
1503	0	108	744	22
1504	0	652	557	15
1505	0	901	862	16
1506	0	368	1095	16
1507	0	645	1143	17
1508	0	792	1813	40
1509	0	289	925	23
1510	0	414	1296	20
1511	0	613	1311	27
1512	0	768	788	12
1513	0	857	1033	25
1514	0	1102	877	14
1515	0	474	475	12
1516	0	611	773	12
1517	0	191	832	19
1518	0	486	222	5
1519	0	1071	614	9
1520	0	893	469	6
1521	0	518	1565	17
1522	0	881	1400	31
1523	0	995	1252	27
1524	0	241	715	11
1525	0	602	1216	23
1526	0	125	319	5
1527	0	726	448	12
1528	0	320	812	15
1529	0	618	972	14
1530	0	764	1104	14
1531	0	566	1036	17
1532	0	676	1492	42
1533	0	1560	2007	16
1534	0	562	553	10
1535	0	958	669	13
1536	0	745	1138	29
1537	0	1643	3206	34
1538	0	879	1364	36
1539	0	980	1758	15
1540	0	1026	2162	20
1541	0	885	2002	31
1542	0	1052	2279	42
1543	0	1394	1312	36
1544	0	561	1054	21
1545	0	830	1933	43
1546	0	1091	1595	30
1547	0	3435	4653	78
1548	0	633	353	12
1549	0	373	751	13
1550	0	661	1188	18
1551	0	450	606	8
1552	0	314	528	3
1553	0	557	1149	13
1554	0	935	1960	20
1555	0	234	587	5
1556	0	289	934	9
1557	0	297	1175	6
1558	0	1222	2078	53
1559	0	973	2583	22
1560	0	779	822	9
1561	0	463	767	16
1562	0	1076	1290	26
1563	0	490	985	10
1564	0	1550	759	5
1565	0	624	923	20
1566	0	894	2213	36
1567	0	530	1039	20
1568	0	723	813	12
1569	0	378	1282	10
1570	0	355	104	3
1571	0	702	1420	10
1572	0	661	1927	22
1573	0	899	1535	27
1574	0	755	1600	22
1575	0	386	658	10
1576	0	733	892	29
1577	0	88	200	6
1578	0	393	868	31
1579	0	220	468	16
1580	0	452	995	23
1581	0	715	1213	31
1582	0	766	1316	35
1583	0	142	372	15
1584	0	126	296	6
1585	0	67	237	4
1586	0	45	100	3
1587	0	241	538	19
1588	0	475	733	20
1589	0	123	407	18
1590	0	92	130	11
1591	0	89	229	9
1592	0	31	68	4
1593	0	51	72	1
1594	0	234	684	13
1595	0	991	2890	69
1596	0	59	334	5
1597	0	23	132	0
1598	0	95	448	5
1599	0	85	309	8
1600	0	281	622	13
1601	0	36	179	1
1602	0	23	189	3
1603	0	146	191	0
1604	0	1583	1708	28
1605	0	81	32	2
1606	0	605	459	9
1607	0	2129	991	17
1608	0	1650	922	11
1609	0	44	169	3
1610	0	1295	2026	33
1611	0	236	314	3
1612	0	40	89	0
1613	0	532	575	12
1614	0	345	440	0
1615	0	385	176	5
1616	0	345	251	6
1617	0	285	596	11
1618	0	203	393	5
1619	0	470	514	5
1620	0	1479	451	8
1621	0	551	226	1
1622	0	883	202	1
1623	0	151	128	4
1624	0	204	62	0
1625	0	1172	112	1
1626	0	255	219	1
1627	0	203	191	1
1628	0	99	81	0
1629	0	370	163	4
1630	0	1103	2935	51
1631	0	407	1712	24
1632	0	487	1097	27
1633	0	364	1279	22
1634	0	969	1811	39
1635	0	654	2124	38
1636	0	702	679	20
1637	0	472	1108	21
1638	0	308	1309	20
1639	0	423	1742	34
1640	0	510	2533	52
1641	0	599	746	12
1642	0	307	1443	21
1643	0	148	432	12
1644	0	499	2104	36
1645	0	365	208	5
1646	0	215	250	1
1647	0	146	72	2
1648	0	284	321	4
1649	0	62	133	1
1650	0	494	319	8
1651	0	388	1716	26
1652	0	169	400	9
1653	0	877	2849	44
1654	0	416	1316	29
1655	0	239	565	13
1656	0	1218	182	8
1657	0	451	597	12
1658	0	162	400	14
1659	0	143	929	15
1660	0	400	1355	20
1661	0	530	1306	25
1662	0	245	497	11
1663	0	582	477	15
1664	0	208	1291	17
1665	0	362	1388	18
1666	0	245	972	15
1667	0	739	2380	39
1668	0	521	1548	35
1669	0	388	1266	30
1670	0	817	2111	29
1671	0	702	265	13
1672	0	450	294	9
1673	0	141	625	18
1674	0	168	108	2
1675	0	944	209	5
1676	0	657	124	5
1677	0	184	948	17
1678	0	147	40	0
1679	0	198	280	5
1680	0	67	296	1
1681	0	662	809	10
1682	0	520	395	7
1683	0	712	418	10
1684	0	86	325	6
1685	0	107	314	2
1686	0	455	1596	25
1687	0	548	1699	42
1688	0	463	1161	46
1689	0	98	389	9
1690	0	184	419	9
1691	0	193	579	17
1692	0	313	767	25
1693	0	325	936	29
1694	0	199	403	14
1695	0	105	509	5
1696	0	223	690	19
1697	0	397	610	14
1698	0	299	552	20
1699	0	389	591	17
1700	0	168	459	17
1701	0	252	893	24
1702	0	1390	2314	60
1703	0	1401	3363	68
1704	0	1098	2264	25
1705	0	1066	2007	31
1706	0	976	2590	50
1707	0	186	710	12
1708	0	246	1003	19
1709	0	559	979	24
1710	0	798	1919	24
1711	0	175	594	5
1712	0	806	2263	48
1713	0	182	808	16
1714	0	721	186	2
1715	0	203	125	5
1716	0	380	92	2
1717	0	358	193	9
1718	0	658	219	5
1719	0	279	36	2
1720	0	1508	460	10
1721	0	974	447	6
1722	0	383	222	7
1723	0	810	563	7
1724	0	1035	39	3
1725	0	416	171	6
1726	0	163	646	24
1727	0	578	1108	23
1728	0	958	1179	24
1729	0	118	254	4
1730	0	482	1571	36
1731	0	1457	781	19
1732	0	1609	784	16
1733	0	1106	1551	32
1734	0	1199	957	22
1735	0	528	1534	34
1736	0	932	995	15
1737	0	702	2230	30
1738	0	1497	4503	49
1739	0	1241	2615	56
1740	0	1696	1975	51
1741	0	1169	3099	49
1742	0	731	1041	16
1743	0	1005	570	16
1744	0	743	309	8
1745	0	717	1223	22
1746	0	738	1991	16
1747	0	606	1521	31
1748	0	404	891	17
1749	0	1077	1621	23
1750	0	831	2223	27
1751	0	415	885	11
1752	0	798	35	0
1753	0	1195	428	11
1754	0	645	770	11
1755	0	669	1157	17
1756	0	320	689	11
1757	0	562	1129	21
1758	0	1105	263	1
1759	0	1876	131	7
1760	0	631	165	1
1761	0	1384	52	0
1762	0	353	1052	18
1763	0	317	534	7
1764	0	1755	2207	37
1765	0	830	1159	28
1766	0	865	1002	27
1767	0	383	1531	23
1768	0	408	1182	16
1769	0	1456	2424	29
1770	0	355	1827	35
1771	0	803	1837	27
1772	0	1067	230	9
1773	0	499	973	20
1774	0	289	958	15
1775	0	438	515	4
1776	0	856	741	7
1777	0	1430	29	1
1778	0	242	173	3
1779	0	929	762	5
1780	0	174	530	4
1781	0	286	161	2
1782	0	193	129	1
1783	0	1215	1007	20
1784	0	967	4	1
1785	0	3038	95	7
1786	0	1334	939	14
1787	0	283	555	8
1788	0	884	1777	42
1789	0	527	1666	23
1790	0	1075	1854	32
1791	0	948	1818	27
1792	0	939	2288	29
1793	0	487	1427	22
1794	0	843	399	7
1795	0	635	997	14
1796	0	245	548	6
1797	0	380	407	7
1798	0	799	938	13
1799	0	505	402	4
1800	0	698	400	12
1801	0	492	1429	16
1802	0	321	762	8
1803	0	1349	1677	33
1804	0	652	1471	20
1805	0	834	1945	23
1806	0	624	605	13
1807	0	691	913	28
1808	0	418	389	17
1809	0	649	1963	28
1810	0	944	634	10
1811	0	661	1432	21
1812	0	1057	1747	20
1813	0	471	875	17
1814	0	520	790	18
1815	0	760	1140	20
1816	0	406	398	9
1817	0	548	861	15
1818	0	1399	2250	47
1819	0	802	1868	47
1820	0	439	1392	22
1821	0	655	534	10
1822	0	511	1342	28
1823	0	875	1451	32
1824	0	779	2320	26
1825	0	447	1120	15
1826	0	386	660	9
1827	0	1153	975	22
1828	0	788	1133	37
1829	0	314	820	9
1830	0	990	1743	18
1831	0	613	164	5
1832	0	337	501	9
1833	0	969	469	8
1834	0	308	302	4
1835	0	917	875	10
1836	0	883	1277	12
1837	0	1184	1536	31
1838	0	689	311	8
1839	0	977	914	11
1840	0	836	342	10
1841	0	1760	3292	62
1842	0	4042	2131	59
1843	0	1716	2378	37
1844	0	2002	3765	80
1845	0	1281	1592	42
1846	0	456	513	9
1847	0	496	528	14
1848	0	447	572	16
1849	0	829	811	15
1850	0	1647	2007	37
1851	0	528	947	18
1852	0	251	173	11
1853	0	912	64	1
1854	0	1306	1484	42
1855	0	1817	1834	30
1856	0	932	1270	26
1857	0	178	540	7
1858	0	393	558	13
1859	0	449	244	6
1860	0	213	419	4
1861	0	734	506	9
1862	0	639	380	6
1863	0	318	432	8
1864	0	539	1273	20
1865	0	251	1121	16
1866	0	144	543	5
1867	0	622	1891	26
1868	0	313	1273	17
1869	0	536	447	8
1870	0	293	527	15
1871	0	919	911	25
1872	0	617	1228	13
1873	0	212	648	13
1874	0	420	1442	35
1875	0	773	2088	39
1876	0	2546	2641	69
1877	0	916	1796	53
1878	0	1050	163	8
1879	0	967	2128	37
1880	0	2053	2180	62
1881	0	896	2131	29
1882	0	2173	2417	50
1883	0	959	1057	20
1884	0	699	1558	30
1885	0	210	836	16
1886	0	228	448	9
1887	0	615	1683	42
1888	0	710	1330	42
1889	0	248	815	20
1890	0	282	1013	22
1891	0	132	615	11
1892	0	376	1070	33
1893	0	1154	1511	31
1894	0	378	957	12
1895	0	493	1716	19
1896	0	1340	221	38
1897	0	860	743	30
1898	0	2813	2728	73
1899	0	251	485	4
1900	0	949	471	18
1901	0	426	337	4
1902	0	518	775	14
1903	0	574	1105	26
1904	0	1096	2343	46
1905	0	1361	1302	42
1906	0	1554	300	79
1907	0	642	504	25
1908	0	858	912	39
1909	0	473	323	10
1910	0	958	1576	55
1911	0	158	208	7
1912	0	1202	335	41
1913	0	887	786	31
1914	0	770	656	42
1915	0	525	361	17
1916	0	1542	2374	76
1917	0	689	451	6
1918	0	640	724	10
1919	0	597	949	18
1920	0	1037	435	7
1921	0	219	294	3
1922	0	769	669	14
1923	0	288	617	9
1924	0	365	841	13
1925	0	394	275	9
1926	0	851	1379	36
1927	0	1114	52	13
1928	0	1141	204	38
1929	0	456	500	19
1930	0	1173	155	37
1931	0	1001	1202	46
1932	0	410	579	30
1933	0	604	680	30
1934	0	816	65	14
1935	0	1342	672	35
1936	0	802	477	13
1937	0	681	1186	42
1938	0	381	638	10
1939	0	1991	1101	47
1940	0	568	713	16
1941	0	874	1147	37
1942	0	1116	1389	49
1943	0	688	642	25
1944	0	1525	153	37
1945	0	1312	774	37
1946	0	781	286	18
1947	0	517	426	18
1948	0	1636	747	39
1949	0	580	692	26
1950	0	1032	571	32
1951	0	1224	1313	30
1952	0	1278	1567	59
1953	0	3043	1454	68
1954	0	1169	307	34
1955	0	847	230	14
1956	0	903	1505	48
1957	0	2025	862	70
1958	0	458	511	14
1959	0	1207	1654	50
1960	0	2003	1583	47
1961	0	1022	588	46
1962	0	1245	965	37
1963	0	997	1703	51
1964	0	745	1217	32
1965	0	910	1382	48
1966	0	399	800	17
1967	0	1036	226	16
1968	0	561	164	13
1969	0	961	814	24
1970	0	953	301	25
1971	0	811	315	31
1972	0	2195	159	56
1973	0	1282	1721	47
1974	0	798	1157	40
1975	0	1359	1628	49
1976	0	1458	539	46
1977	0	840	255	6
1978	0	372	125	8
1979	0	1538	356	10
1980	0	1139	611	7
1981	0	141	118	3
1982	0	219	149	0
1983	0	70	301	2
1984	0	1265	2339	19
1985	0	770	75	3
1986	0	376	354	10
1987	0	459	269	7
1988	0	763	621	11
1989	0	926	302	18
1990	0	1189	274	13
1991	0	524	486	25
1992	0	667	1161	1
1993	0	513	292	14
1994	0	564	567	8
1995	0	645	473	28
1996	0	372	693	6
1997	0	306	216	4
1998	0	392	267	7
1999	0	175	100	15
2000	0	943	757	10
2001	0	319	235	9
2002	0	1301	594	38
2003	0	356	281	13
2004	0	326	220	5
2005	0	516	327	11
2006	0	562	482	10
2007	0	1055	758	35
2008	0	1091	25	3
2009	0	288	80	8
2010	0	579	517	10
2011	0	940	406	7
2012	0	462	301	11
2013	0	315	687	6
2014	0	496	95	0
2015	0	452	697	12
2016	0	425	353	9
2017	0	337	291	26
2018	0	777	1089	19
2019	0	157	173	1
2020	0	1381	1630	68
2021	0	13	32	1
2022	0	28	71	2
2023	0	174	152	20
2024	0	112	243	5
2025	0	567	1159	30
2026	0	870	1463	30
2027	0	883	1081	21
2028	0	1382	1676	34
2029	0	679	908	19
2030	0	201	237	5
2031	0	734	333	10
2032	0	320	326	5
2033	0	115	69	0
2034	0	535	443	13
2035	0	381	620	9
2036	0	231	513	10
2037	0	70	179	5
2038	0	662	1276	18
2039	0	608	676	10
2040	0	162	315	8
2041	0	50	107	3
2042	0	684	1210	14
2043	0	488	267	7
2044	0	107	241	6
2045	0	168	298	7
2046	0	278	440	9
2047	0	590	677	17
2048	0	77	219	2
2049	0	254	312	8
2050	0	513	935	21
2051	0	183	514	10
2052	0	609	587	12
2053	0	1025	1120	18
2054	0	657	1290	21
2055	0	632	1220	29
2056	0	457	139	3
2057	0	719	1691	30
2058	0	384	365	3
2059	0	325	446	9
2060	0	987	1041	12
2061	0	1180	1404	24
2062	0	500	597	11
2063	0	1369	654	13
2064	0	645	544	15
2065	0	1060	232	3
2066	0	297	541	12
2067	0	217	134	2
2068	0	1635	238	9
2069	0	550	902	12
2070	0	524	337	6
2071	0	254	665	14
2072	0	712	361	10
2073	0	292	317	6
2074	0	475	515	10
2075	0	96	519	6
2076	0	630	537	10
2077	0	483	1047	10
2078	0	470	1139	19
2079	0	834	220	5
2080	0	841	1518	17
2081	0	716	363	7
2082	0	321	501	6
2083	0	682	849	17
2084	0	202	967	8
2085	0	327	348	4
2086	0	336	1026	8
2087	0	110	482	7
2088	0	268	781	15
2089	0	312	583	11
2090	0	123	281	13
2091	0	145	248	8
2092	0	224	572	13
2093	0	712	1125	36
2094	0	215	713	13
2095	0	44	137	1
2096	0	111	301	10
2097	0	404	997	16
2098	0	415	1210	23
2099	0	841	1544	25
2100	0	357	658	7
2101	0	579	929	25
2102	0	1360	1312	32
2103	0	1089	1104	29
2104	0	688	900	18
2105	0	145	604	10
2106	0	236	1131	21
2107	0	355	847	11
2108	0	189	726	5
2109	0	477	1659	31
2110	0	449	895	24
2111	0	480	1122	22
2112	0	881	2499	52
2113	0	429	817	23
2114	0	498	706	10
2115	0	1250	625	28
2116	0	1954	53	6
2117	0	1890	190	19
2118	0	775	383	23
2119	0	1267	2141	26
2120	0	926	1348	26
2121	0	1034	398	15
2122	0	1101	247	17
2123	0	696	741	18
2124	0	1150	1384	26
2125	0	7	16	0
2126	0	1549	120	6
2127	0	1219	389	18
2128	0	832	177	19
2129	0	829	346	7
2130	0	1384	408	29
2131	0	908	913	25
2132	0	876	215	10
2133	0	1674	167	14
2134	0	1768	2212	48
2135	0	2249	2126	55
2136	0	2738	1289	49
2137	0	1563	1221	40
2138	0	1586	2098	28
2139	0	1071	2063	58
2140	0	1228	1076	30
2141	0	829	1919	49
2142	0	806	396	20
2143	0	674	1166	17
2144	0	784	1149	16
2145	0	460	1095	4
2146	0	1247	145	15
2147	0	925	1082	24
2148	0	729	1058	22
2149	0	2162	820	49
2150	0	1025	1526	31
2151	0	2082	153	9
2152	0	2012	552	44
2153	0	1298	884	30
2154	0	1961	630	28
2155	0	1175	923	31
2156	0	1007	854	38
2157	0	739	917	25
2158	0	769	523	26
2159	0	1955	435	28
2160	0	628	772	9
2161	0	2511	452	24
2162	0	1993	476	15
2163	0	1511	655	26
2164	0	3840	2836	70
2165	0	1499	1978	31
2166	0	476	1774	19
2167	0	3294	2116	75
2168	0	680	1434	27
2169	0	1255	1067	26
2170	0	2651	1593	61
2171	0	1700	94	9
2172	0	1077	918	34
2173	0	1926	53	5
2174	0	1081	576	33
2175	0	410	628	12
2176	0	865	1155	23
2177	0	586	1121	11
2178	0	945	1726	26
2179	0	2750	592	23
2180	0	2510	561	35
2181	0	2130	2648	74
2182	0	2254	1616	47
2183	0	1663	487	37
2184	0	1547	112	29
2185	0	1381	518	42
2186	0	1853	25	10
2187	0	1173	5	3
2188	0	1075	18	2
2189	0	879	1417	33
2190	0	825	375	14
2191	0	1006	196	9
2192	0	1166	356	16
2193	0	1429	213	14
2194	0	2267	27	3
2195	0	672	958	14
2196	0	623	516	32
2197	0	974	1190	19
2198	0	547	691	14
2199	0	1466	199	15
2200	0	991	2039	33
2201	0	1276	96	11
2202	0	406	998	7
2203	0	550	819	16
2204	0	570	382	23
2205	0	1497	61	7
2206	0	1244	516	12
2207	0	1391	332	12
2208	0	1611	199	7
2209	0	712	214	12
2210	0	1784	328	22
2211	0	1336	884	21
2212	0	901	877	12
2213	0	909	543	34
2214	0	1186	247	12
2215	0	1183	243	24
2216	0	558	237	13
2217	0	1059	859	44
2218	0	850	316	21
2219	0	2273	794	39
2220	0	1059	76	9
2221	0	2108	170	18
2222	0	608	261	8
2223	0	511	592	19
2224	0	481	892	15
2225	0	877	344	16
2226	0	1683	242	14
2227	0	1683	160	17
2228	0	1756	11	2
2229	0	605	568	23
2230	0	489	719	16
2231	0	1184	2127	37
2232	0	2012	2232	65
2233	0	3768	636	42
2234	0	616	1019	22
2235	0	1394	2713	30
2236	0	1421	383	15
2237	0	3018	3457	66
2238	0	1042	1527	21
2239	0	1595	2298	39
2240	0	2290	258	21
2241	0	1717	80	7
2242	0	829	443	12
2243	0	1218	1924	33
2244	0	631	1137	17
2245	0	576	1043	15
2246	0	1037	1552	24
2247	0	1979	586	58
2248	0	1438	2170	34
2249	0	1503	2519	43
2250	0	1269	165	16
2251	0	1041	375	26
2252	0	1297	343	30
2253	0	1774	30	1
2254	0	487	708	9
2255	0	634	732	22
2256	0	669	1168	19
2257	0	1295	2356	38
2258	0	567	549	15
2259	0	2779	1450	34
2260	0	2747	886	43
2261	0	1367	836	25
2262	0	1279	2131	48
2263	0	1409	1873	29
2264	0	3972	384	23
2265	0	3773	1436	60
2266	0	4879	1426	94
2267	0	490	1165	9
2268	0	987	302	22
2269	0	1148	456	37
2270	0	856	1617	25
2271	0	971	1295	35
2272	0	2174	1350	55
2273	0	1675	75	7
2274	0	509	589	15
2275	0	1731	723	36
2276	0	2646	321	25
2277	0	1681	719	39
2278	0	1058	1391	41
2279	0	629	636	12
2280	0	899	1065	23
2281	0	2046	402	30
2282	0	928	257	16
2283	0	1484	1700	54
2284	0	685	1333	33
2285	0	4	42	0
2286	0	83	72	0
2287	0	717	811	35
2288	0	867	449	37
2289	0	1489	46	4
2290	0	1537	128	9
2291	0	799	428	16
2292	0	1550	499	21
2293	0	2388	454	18
2294	0	2096	68	8
2295	0	1533	702	13
2296	0	1387	244	6
2297	0	1430	138	9
2298	0	1041	756	26
2299	0	540	839	15
2300	0	459	1221	12
2301	0	966	921	45
2302	0	2696	1400	47
2303	0	567	692	15
2304	0	584	1048	21
2305	0	910	2134	35
2306	0	3222	1023	27
2307	0	1501	835	35
2308	0	2687	1825	44
2309	0	980	749	14
2310	0	155	20	1
2311	0	413	609	10
2312	0	175	171	5
2313	0	1939	1019	17
2314	0	1429	1721	28
2315	0	879	995	15
2316	0	1102	1624	22
2317	0	1114	2299	39
2318	0	857	1711	28
2319	0	1075	1571	28
2320	0	972	1482	24
2321	0	634	830	25
2322	0	1321	1320	21
2323	0	664	1891	38
2324	0	389	868	20
2325	0	824	823	16
2326	0	390	484	7
2327	0	454	1268	23
2328	0	929	1697	25
2329	0	545	1742	23
2330	0	834	1882	43
2331	0	304	517	19
2332	0	447	868	28
2333	0	95	197	5
2334	0	568	1141	27
2335	0	559	1055	15
2336	0	563	1101	44
2337	0	70	217	1
2338	0	335	492	10
2339	0	549	874	36
2340	0	403	889	20
2341	0	82	289	14
2342	0	151	325	9
2343	0	406	809	38
2344	0	307	597	20
2345	0	587	995	18
2346	0	589	950	29
2347	0	459	789	20
2348	0	535	630	12
2349	0	235	714	18
2350	0	287	967	22
2351	0	597	1717	23
2352	0	170	721	18
2353	0	582	1739	40
2354	0	143	282	8
2355	0	151	395	19
2356	0	339	757	17
2357	0	253	942	22
2358	0	200	616	17
2359	0	110	329	10
2360	0	397	944	29
2361	0	300	1057	28
2362	0	169	322	11
2363	0	243	596	10
2364	0	396	1157	15
2365	0	213	442	5
2366	0	234	108	2
2367	0	542	1158	25
2368	0	604	1678	17
2369	0	372	1191	22
2370	0	3066	7192	59
2371	0	560	1412	34
2372	0	450	976	25
2373	0	694	1898	30
2374	0	938	1304	37
2375	0	669	73	1
2376	0	915	1240	40
2377	0	947	1965	42
2378	0	788	1315	46
2379	0	287	1443	29
2380	0	1036	1574	52
2381	0	462	1459	19
2382	0	443	917	19
2383	0	456	771	22
2384	0	750	1249	26
2385	0	834	123	5
2386	0	556	177	6
2387	0	676	1518	26
2388	0	331	923	14
2389	0	482	920	13
2390	0	335	903	17
2391	0	1173	628	30
2392	0	268	1575	27
2393	0	291	1100	12
2394	0	640	244	16
2395	0	448	305	3
2396	0	843	368	8
2397	0	396	915	12
2398	0	367	1175	20
2399	0	742	303	9
2400	0	359	868	14
2401	0	610	1582	20
2402	0	717	1892	22
2403	0	333	601	17
2404	0	1088	1701	20
2405	0	848	1859	33
2406	0	1002	1850	42
2407	0	246	1402	9
2408	0	394	1021	29
2409	0	260	1414	23
2410	0	943	1273	27
2411	0	677	1486	27
2412	0	1353	1426	44
2413	0	573	1129	27
2414	0	269	824	8
2415	0	440	787	23
2416	0	865	943	20
2417	0	643	832	23
2418	0	1807	1626	78
2419	0	1636	1551	34
2420	0	2000	91	7
2421	0	291	16	1
2422	0	3035	1682	170
2423	0	898	701	36
2424	0	1278	890	36
2425	0	487	482	10
2426	0	2288	1523	59
2427	0	1479	1069	43
2428	0	2720	65	18
2429	0	2017	816	38
2430	0	1691	125	13
2431	0	1558	36	5
2432	0	1361	931	31
2433	0	428	501	9
2434	0	1219	744	15
2435	0	722	692	12
2436	0	1756	1698	50
2437	0	1337	1633	29
2438	0	832	683	32
2439	0	2134	578	55
2440	0	947	263	23
2441	0	784	546	17
2442	0	584	1333	14
2443	0	2115	1235	63
2444	0	660	694	28
2445	0	688	570	18
2446	0	678	585	19
2447	0	649	287	21
2448	0	1134	401	27
2449	0	837	549	28
2450	0	1706	1769	42
2451	0	1232	1361	32
2452	0	954	1703	20
2453	0	1060	836	42
2454	0	2945	3327	103
2455	0	1827	1990	40
2456	0	2745	2028	64
2457	0	4168	2318	95
2458	0	1114	1328	36
2459	0	1747	1342	52
2460	0	965	357	31
2461	0	1334	740	42
2462	0	425	528	13
2463	0	1370	919	54
2464	0	781	751	28
2465	0	1151	887	33
2466	0	492	528	14
2467	0	794	925	15
2468	0	922	631	54
2469	0	991	732	69
2470	0	1107	795	40
2471	0	730	692	34
2472	0	1824	1591	48
2473	0	1196	1140	38
2474	0	1039	621	39
2475	0	1095	418	46
2476	0	798	438	27
2477	0	1158	1075	51
2478	0	1004	1143	32
2479	0	1114	655	31
2480	0	969	1493	15
2481	0	1268	1179	40
2482	0	1378	1063	63
2483	0	801	514	24
2484	0	1022	579	19
2485	0	1195	881	29
2486	0	917	1154	23
2487	0	1221	1583	64
2488	0	1350	1274	43
2489	0	1012	1131	37
2490	0	1672	1852	53
2491	0	2781	2896	101
2492	0	1339	1629	30
2493	0	1404	1276	41
2494	0	1070	1267	57
2495	0	5111	4323	128
2496	0	1334	980	28
2497	0	2184	1247	50
2498	0	1100	1125	25
2499	0	1444	2027	38
2500	0	901	1125	46
2501	0	1027	733	36
2502	0	838	1169	40
2503	0	764	1510	17
2504	0	364	555	11
2505	0	717	1311	29
2506	0	863	1586	31
2507	0	1538	2616	52
2508	0	1151	1503	27
2509	0	1908	3009	54
2510	0	1141	1767	41
2511	0	906	758	23
2512	0	2441	3150	72
2513	0	756	1681	32
2514	0	2211	2540	55
2515	0	916	1321	48
2516	0	1621	1488	49
2517	0	968	1636	33
2518	0	1840	1055	65
2519	0	1760	2259	41
2520	0	1335	1777	35
2521	0	830	1022	21
2522	0	1349	2328	45
2523	0	2490	1195	112
2524	0	2273	735	38
2525	0	545	466	9
2526	0	2021	57	8
2527	0	1717	667	59
2528	0	1288	529	41
2529	0	798	1061	27
2530	0	682	368	15
2531	0	2425	184	14
2532	0	3467	2044	67
2533	0	2438	433	27
2534	0	627	828	17
2535	0	2145	906	33
2536	0	2389	1534	55
2537	0	3284	1781	68
2538	0	358	362	7
2539	0	1583	610	22
2540	0	1447	961	36
2541	0	4681	783	48
2542	0	1489	1316	49
2543	0	2127	265	28
2544	0	788	649	28
2545	0	752	389	15
2546	0	1024	1045	39
2547	0	1073	987	23
2548	0	1898	1020	37
2549	0	1224	587	32
2550	0	946	1470	14
2551	0	1049	494	78
2552	0	763	480	22
2553	0	3183	678	37
2554	0	794	1034	32
2555	0	707	1046	22
2556	0	1178	2252	34
2557	0	1756	2351	33
2558	0	1205	1993	60
2559	0	1166	2652	49
2560	0	193	361	10
2561	0	1110	1470	22
2562	0	2013	2442	54
2563	0	2384	793	33
2564	0	3413	140	11
2565	0	1468	734	40
2566	0	1222	657	18
2567	0	827	746	22
2568	0	604	901	10
2569	0	1938	25	2
2570	0	1514	372	18
2571	0	1043	556	17
2572	0	1226	1219	24
2573	0	1186	474	31
2574	0	770	894	23
2575	0	2793	643	42
2576	0	1056	1493	31
2577	0	1717	1522	38
2578	0	779	1158	42
2579	0	940	1400	46
2580	0	2009	3082	56
2581	0	929	1836	41
2582	0	1798	34	8
2583	0	791	511	18
2584	0	1453	1515	56
2585	0	1328	2437	48
2586	0	1642	1387	35
2587	0	1959	1286	58
2588	0	2783	1992	51
2589	0	1094	945	27
2590	0	1465	1185	32
2591	0	325	667	11
2592	0	740	1082	18
2593	0	1642	912	27
2594	0	788	896	24
2595	0	1619	1397	48
2596	0	1159	934	28
2597	0	968	710	29
2598	0	1619	1828	49
2599	0	917	1285	23
2600	0	1366	543	47
2601	0	1320	589	47
2602	0	2156	589	112
2603	0	532	588	18
2604	0	901	1084	19
2605	0	2774	488	26
2606	0	1146	271	32
2607	0	85	212	6
2608	0	657	1587	38
2609	0	364	1375	30
2610	0	149	627	2
2611	0	81	139	2
2612	0	511	1506	21
2613	0	248	910	7
2614	0	556	433	14
2615	0	427	1552	25
2616	0	193	581	6
2617	0	905	1384	25
2618	0	577	951	17
2619	0	636	1592	26
2620	0	367	1269	19
2621	0	47	298	5
2622	0	690	1052	29
2623	0	260	820	8
2624	0	319	1001	11
2625	0	679	1642	15
2626	0	50	143	2
2627	0	29	101	3
2628	0	45	102	0
2629	0	15	91	1
2630	0	51	155	0
2631	0	64	350	6
2632	0	278	552	10
2633	0	691	1674	25
2634	0	306	702	6
2635	0	38	177	1
2636	0	327	159	5
2637	0	163	612	18
2638	0	149	233	2
2639	0	110	229	0
2640	0	39	133	1
2641	0	560	885	7
2642	0	394	783	10
2643	0	743	610	15
2644	0	1972	1467	30
2645	0	3895	3013	94
2646	0	385	441	9
2647	0	1696	54	3
2648	0	1582	22	7
2649	0	280	988	15
2650	0	706	1136	14
2651	0	485	315	10
2652	0	289	503	9
2653	0	325	703	6
2654	0	383	379	15
2655	0	1318	125	10
2656	0	702	9	2
2657	0	3161	3256	65
2658	0	1658	3175	51
2659	0	995	1812	27
2660	0	1514	617	15
2661	0	2781	3717	62
2662	0	655	1326	12
2663	0	574	780	10
2664	0	810	511	20
2665	0	9734	5356	150
2666	0	2960	916	26
2667	0	1369	163	9
2668	0	1656	176	6
2669	0	1672	531	18
2670	0	3514	1369	67
2671	0	776	1359	32
2672	0	1826	469	21
2673	0	3233	2006	55
2674	0	1183	569	17
2675	0	640	925	12
2676	0	2216	1960	30
2677	0	743	1240	17
2678	0	1689	591	17
2679	0	499	1221	19
2680	0	687	488	22
2681	0	502	145	4
2682	0	1022	602	18
2683	0	732	141	8
2684	0	1953	576	20
2685	0	1302	314	10
2686	0	463	359	10
2687	0	1050	438	16
2688	0	6508	2125	61
2689	0	206	320	6
2690	0	588	725	26
2691	0	616	774	24
2692	0	904	640	36
