1	0	292	483	45
2	0	304	407	30
3	0	862	673	52
4	0	477	637	36
5	0	494	744	50
6	0	138	430	33
7	0	512	781	42
8	0	225	398	30
9	0	42	134	13
10	0	179	724	51
11	0	131	674	50
12	0	300	241	31
13	0	186	801	68
14	0	120	606	60
15	0	309	567	53
16	0	247	662	92
17	0	358	438	46
18	0	614	543	56
19	0	387	759	90
20	0	525	1152	118
21	0	1159	1862	215
22	0	503	174	13
23	0	167	172	5
24	0	184	229	11
25	0	254	146	12
26	0	47	286	20
27	0	1190	596	46
28	0	239	99	16
29	0	327	63	11
30	0	628	682	47
31	0	721	989	79
32	0	515	296	67
33	0	123	156	17
34	0	131	165	16
35	0	364	163	41
36	0	486	132	32
37	0	838	717	79
38	0	73	117	7
39	0	591	771	57
40	0	566	502	65
41	0	696	637	79
42	0	278	583	57
43	0	215	284	26
44	0	440	596	69
45	0	112	129	16
46	0	407	694	57
47	0	168	366	28
48	0	16	49	5
49	0	463	204	61
50	0	16	107	6
51	0	102	302	19
52	0	29	173	10
53	0	273	576	33
54	0	481	721	39
55	0	568	335	31
56	0	172	221	7
57	0	347	527	34
58	0	302	281	24
59	0	14	113	6
60	0	11	130	10
61	0	22	107	7
62	0	15	109	3
63	0	77	222	21
64	0	11	28	0
65	0	35	194	9
66	0	266	120	15
67	0	657	359	27
68	0	167	147	13
69	0	235	201	12
70	0	136	299	13
71	0	110	274	6
72	0	262	292	12
73	0	319	35	5
74	0	393	108	14
75	0	165	18	0
76	0	36	189	16
77	0	23	137	2
78	0	85	282	22
79	0	70	157	9
80	0	186	410	24
81	0	62	239	18
82	0	5	71	8
83	0	61	172	14
84	0	207	166	17
85	0	72	50	8
86	0	437	195	35
87	0	804	227	26
88	0	1652	1239	99
89	0	318	286	31
90	0	219	299	21
91	0	452	737	43
92	0	255	95	12
93	0	518	218	35
94	0	398	8	11
95	0	460	278	40
96	0	178	217	19
97	0	233	507	51
98	0	278	983	99
99	0	182	380	32
100	0	451	798	70
101	0	257	895	97
102	0	107	605	54
103	0	248	480	45
104	0	409	694	83
105	0	255	249	29
106	0	151	421	39
107	0	279	456	53
108	0	344	1236	88
109	0	110	396	39
110	0	577	395	40
111	0	451	897	85
112	0	232	487	39
113	0	359	998	71
114	0	97	471	43
115	0	366	1054	86
116	0	206	677	72
117	0	724	352	52
118	0	363	13	6
119	0	128	572	75
120	0	64	266	26
121	0	111	552	58
122	0	817	321	46
123	0	444	4	4
124	0	207	394	51
125	0	428	427	29
126	0	382	360	35
127	0	534	370	67
128	0	383	163	27
129	0	644	569	44
130	0	666	296	31
131	0	562	307	30
132	0	449	728	50
133	0	688	1318	83
134	0	125	378	30
135	0	341	917	68
136	0	226	840	51
137	0	452	410	46
138	0	852	987	78
139	0	608	1020	73
140	0	913	1109	101
141	0	194	492	40
142	0	1274	2095	127
143	0	284	752	50
144	0	524	709	72
145	0	178	516	48
146	0	162	691	58
147	0	151	334	18
148	0	184	722	44
149	0	213	411	39
150	0	262	726	55
151	0	175	273	16
152	0	301	886	64
153	0	182	366	22
154	0	73	385	30
155	0	640	1401	99
156	0	356	772	47
157	0	1004	1786	99
158	0	1188	1179	90
159	0	805	1058	81
160	0	747	1360	95
161	0	404	685	41
162	0	838	1920	128
163	0	355	1090	46
164	0	248	612	38
165	0	75	314	19
166	0	536	675	46
167	0	226	449	66
168	0	159	166	21
169	0	374	634	106
170	0	291	434	58
171	0	277	197	59
172	0	614	76	9
173	0	483	127	23
174	0	424	304	37
175	0	70	129	16
176	0	230	263	34
177	0	154	80	11
178	0	411	885	74
179	0	196	127	35
180	0	909	541	57
181	0	523	316	38
182	0	112	191	12
183	0	186	122	11
184	0	4	7	2
185	0	370	477	47
186	0	629	863	77
187	0	204	215	21
188	0	200	204	34
189	0	534	665	73
190	0	432	369	31
191	0	538	477	35
192	0	65	63	9
193	0	307	324	31
194	0	519	404	22
195	0	344	450	38
196	0	154	281	30
197	0	146	273	35
198	0	372	734	53
199	0	141	162	10
200	0	149	299	29
201	0	397	481	73
202	0	375	318	32
203	0	388	319	51
204	0	41	109	7
205	0	277	434	61
206	0	146	320	24
207	0	189	145	34
208	0	392	488	55
209	0	103	77	5
210	0	143	42	1
211	0	578	66	14
212	0	730	72	4
213	0	411	89	7
214	0	272	295	27
215	0	545	145	22
216	0	860	95	19
217	0	628	150	10
218	0	318	501	19
219	0	659	61	7
220	0	98	90	2
221	0	132	199	17
222	0	524	768	63
223	0	447	698	43
224	0	49	109	14
225	0	167	338	29
226	0	140	352	26
227	0	196	177	16
228	0	301	431	32
229	0	255	252	19
230	0	148	262	24
231	0	208	264	19
232	0	422	442	24
233	0	498	394	35
234	0	227	266	18
235	0	285	203	23
236	0	140	220	16
237	0	96	241	26
238	0	112	277	25
239	0	324	92	21
240	0	228	220	16
241	0	884	297	32
242	0	595	46	10
243	0	306	261	14
244	0	345	57	6
245	0	168	93	3
246	0	723	254	23
247	0	137	89	4
248	0	113	18	1
249	0	346	377	39
250	0	227	369	42
251	0	170	110	18
252	0	32	54	4
253	0	144	289	13
254	0	105	235	8
255	0	242	447	25
256	0	187	506	22
257	0	153	497	36
258	0	119	254	8
259	0	95	237	17
260	0	207	405	27
261	0	68	141	14
262	0	372	586	34
263	0	257	531	28
264	0	515	843	48
265	0	48	101	4
266	0	30	74	2
267	0	249	421	28
268	0	109	192	4
269	0	155	245	15
270	0	34	193	11
271	0	410	996	50
272	0	83	268	22
273	0	435	1098	55
274	0	533	984	59
275	0	111	163	8
276	0	34	45	7
277	0	158	349	21
278	0	460	1371	55
279	0	165	130	2
280	0	179	215	15
281	0	79	230	23
282	0	651	745	62
283	0	897	610	58
284	0	478	622	44
285	0	739	245	12
286	0	487	933	61
287	0	591	1148	48
288	0	587	1535	71
289	0	219	188	19
290	0	747	1430	59
291	0	250	287	25
292	0	233	268	14
293	0	587	429	32
294	0	391	419	54
295	0	220	779	52
296	0	506	218	40
297	0	715	670	31
298	0	453	984	71
299	0	266	841	73
300	0	871	1218	93
301	0	482	1199	74
302	0	575	806	77
303	0	40	190	17
304	0	157	400	41
305	0	347	687	124
306	0	453	769	103
307	0	1331	475	69
308	0	440	9	4
309	0	1967	90	32
310	0	1399	505	41
311	0	1424	743	33
312	0	2654	896	59
313	0	1236	670	41
314	0	1098	270	48
315	0	935	88	20
316	0	175	237	24
317	0	171	363	38
318	0	283	524	48
319	0	232	287	21
320	0	259	686	55
321	0	241	379	29
322	0	192	579	39
323	0	129	387	35
324	0	147	441	29
325	0	83	270	29
326	0	172	314	34
327	0	307	303	38
328	0	304	581	75
329	0	154	420	39
330	0	310	422	41
331	0	122	347	19
332	0	1235	147	31
333	0	2041	1486	72
334	0	2538	287	55
335	0	1101	43	20
336	0	1631	1149	55
337	0	1897	574	49
338	0	161	756	42
339	0	232	565	65
340	0	142	352	37
341	0	1725	1141	96
342	0	783	935	49
343	0	949	76	19
344	0	968	40	11
345	0	2900	437	61
346	0	545	698	27
347	0	1269	643	51
348	0	953	115	31
349	0	299	483	22
350	0	1091	92	29
351	0	782	207	23
352	0	1371	120	40
353	0	822	38	11
354	0	3455	1025	115
355	0	991	32	6
356	0	1792	561	52
357	0	740	401	41
358	0	723	1743	125
359	0	884	1126	122
360	0	892	760	39
361	0	800	1395	78
362	0	1003	1467	96
363	0	1001	1628	113
364	0	598	1206	100
365	0	610	421	56
366	0	758	893	77
367	0	534	930	82
368	0	1391	1841	126
369	0	631	1608	94
370	0	1099	347	37
371	0	2122	719	46
372	0	1172	535	63
373	0	2246	475	82
374	0	1215	512	35
375	0	893	77	25
376	0	2450	444	59
377	0	911	238	18
378	0	279	8	2
379	0	647	9	6
380	0	783	14	5
381	0	1494	15	30
382	0	707	63	14
383	0	484	34	5
384	0	538	53	15
385	0	1055	68	23
386	0	845	115	29
387	0	413	12	7
388	0	897	137	21
389	0	814	59	16
390	0	77	361	28
391	0	115	308	32
392	0	305	539	62
393	0	217	505	37
394	0	207	451	40
395	0	1347	215	23
396	0	3573	364	73
397	0	854	1027	68
398	0	1048	213	23
399	0	264	294	13
400	0	135	117	20
401	0	287	477	26
402	0	271	623	50
403	0	203	393	31
404	0	342	254	12
405	0	560	318	10
406	0	1149	234	19
407	0	934	614	60
408	0	281	513	57
409	0	453	792	56
410	0	174	514	39
411	0	369	865	79
412	0	411	846	79
413	0	323	743	47
414	0	229	309	45
415	0	377	579	34
416	0	182	276	25
417	0	438	654	57
418	0	339	5	5
419	0	664	1670	126
420	0	279	710	71
421	0	257	477	44
422	0	415	559	79
423	0	481	637	87
424	0	337	999	88
425	0	542	1193	94
426	0	186	276	29
427	0	368	143	24
428	0	272	320	56
429	0	377	348	77
430	0	139	204	35
431	0	36	111	17
432	0	152	471	87
433	0	527	583	69
434	0	361	922	53
435	0	256	622	59
436	0	472	1257	72
437	0	509	911	64
438	0	396	444	66
439	0	238	756	60
440	0	275	376	52
441	0	293	362	35
442	0	625	1443	134
443	0	343	818	53
444	0	290	147	28
445	0	351	803	71
446	0	319	1087	41
447	0	520	475	40
448	0	99	253	31
449	0	69	159	15
450	0	66	94	10
451	0	60	225	20
452	0	545	118	17
453	0	248	1113	93
454	0	149	45	13
455	0	54	73	9
456	0	52	127	12
457	0	515	390	44
458	0	366	494	32
459	0	465	1258	113
460	0	137	137	15
461	0	189	749	52
462	0	428	752	59
463	0	232	251	19
464	0	296	198	36
465	0	205	67	10
466	0	319	405	62
467	0	687	474	70
468	0	107	104	15
469	0	452	407	53
470	0	803	589	53
471	0	132	360	74
472	0	375	131	35
473	0	31	63	9
474	0	544	796	72
475	0	435	728	64
476	0	150	80	9
477	0	466	725	46
478	0	255	827	46
479	0	203	267	24
480	0	349	162	24
481	0	51	261	11
482	0	831	531	41
483	0	180	192	14
484	0	118	418	18
485	0	268	496	19
486	0	748	287	16
487	0	288	276	21
488	0	887	420	39
489	0	920	984	70
490	0	528	692	35
491	0	22	87	7
492	0	187	475	22
493	0	242	502	44
494	0	506	318	31
495	0	94	133	18
496	0	134	273	16
497	0	326	192	19
498	0	88	374	16
499	0	313	214	19
500	0	49	135	9
501	0	112	238	12
502	0	392	344	17
503	0	358	110	12
504	0	109	345	33
505	0	54	181	16
506	0	117	424	32
507	0	372	519	33
508	0	533	941	23
509	0	395	1414	86
510	0	772	763	38
511	0	321	350	32
512	0	434	91	12
513	0	889	435	37
514	0	1823	1968	120
515	0	504	1117	51
516	0	1618	940	61
517	0	774	1387	65
518	0	155	341	29
519	0	272	1226	59
520	0	314	498	22
521	0	832	119	20
522	0	911	928	48
523	0	151	478	24
524	0	30	131	14
525	0	175	456	40
526	0	140	100	11
527	0	167	215	17
528	0	416	900	65
529	0	61	190	18
530	0	311	415	56
531	0	662	243	23
532	0	183	510	58
533	0	353	303	51
534	0	131	340	16
535	0	435	507	55
536	0	114	227	21
537	0	345	318	57
538	0	229	86	12
539	0	536	1055	57
540	0	455	866	43
541	0	438	714	54
542	0	298	427	32
543	0	419	977	72
544	0	640	646	45
545	0	133	258	30
546	0	168	378	21
547	0	257	600	43
548	0	189	261	10
549	0	233	394	24
550	0	476	531	26
551	0	453	671	40
552	0	343	530	64
553	0	484	770	39
554	0	339	482	48
555	0	465	638	37
556	0	167	383	36
557	0	549	1048	71
558	0	704	1222	29
559	0	465	818	49
560	0	625	339	28
561	0	162	613	34
562	0	346	534	15
563	0	766	819	42
564	0	222	215	9
565	0	143	301	7
566	0	493	880	59
567	0	381	669	42
568	0	284	818	33
569	0	182	206	21
570	0	610	551	44
571	0	185	159	21
572	0	303	139	14
573	0	296	174	25
574	0	191	340	22
575	0	448	92	9
576	0	604	370	34
577	0	455	165	20
578	0	690	222	29
579	0	719	331	34
580	0	68	69	6
581	0	190	313	24
582	0	131	308	21
583	0	368	707	51
584	0	306	832	41
585	0	303	629	43
586	0	756	896	66
587	0	572	469	43
588	0	150	116	16
589	0	456	712	56
590	0	1133	1493	104
591	0	573	723	55
592	0	671	385	39
593	0	1033	461	40
594	0	1836	419	49
595	0	1089	1208	61
596	0	437	26	5
597	0	439	1410	66
598	0	595	540	44
599	0	559	529	44
600	0	307	659	31
601	0	793	93	13
602	0	844	702	58
603	0	1007	68	18
604	0	139	403	16
605	0	213	582	21
606	0	88	333	22
607	0	69	300	15
608	0	290	732	43
609	0	138	363	14
610	0	315	668	33
611	0	315	641	40
612	0	224	455	50
613	0	230	439	39
614	0	334	567	43
615	0	168	453	35
616	0	57	159	12
617	0	133	279	5
618	0	192	146	21
619	0	386	143	17
620	0	610	200	21
621	0	593	737	49
622	0	532	772	38
623	0	441	766	34
624	0	126	328	10
625	0	600	857	36
626	0	685	1146	35
627	0	821	767	68
628	0	253	288	27
629	0	225	311	23
630	0	514	308	36
631	0	160	203	16
632	0	520	434	56
633	0	690	666	45
634	0	602	406	31
635	0	576	1076	46
636	0	1057	822	54
637	0	274	220	19
638	0	533	383	50
639	0	397	654	36
640	0	62	134	13
641	0	501	694	100
642	0	40	139	10
643	0	234	341	42
644	0	246	649	67
645	0	447	712	79
646	0	495	472	36
647	0	425	266	48
648	0	294	528	42
649	0	461	290	39
650	0	435	550	31
651	0	531	382	43
652	0	650	699	49
653	0	191	215	21
654	0	47	176	10
655	0	93	251	10
656	0	93	166	13
657	0	234	281	31
658	0	899	1422	130
659	0	767	805	82
660	0	216	634	40
661	0	395	980	109
662	0	192	439	49
663	0	210	305	30
664	0	204	731	52
665	0	294	748	37
666	0	265	832	46
667	0	156	767	52
668	0	349	668	52
669	0	225	701	56
670	0	152	608	37
671	0	337	541	32
672	0	425	23	4
673	0	569	419	27
674	0	279	814	55
675	0	626	147	16
676	0	557	511	19
677	0	459	716	41
678	0	233	838	50
679	0	269	1082	77
680	0	315	870	54
681	0	165	263	25
682	0	144	542	47
683	0	356	911	62
684	0	114	437	23
685	0	549	1403	67
686	0	279	787	81
687	0	157	328	33
688	0	146	326	25
689	0	301	680	75
690	0	336	292	35
691	0	256	627	86
692	0	321	299	45
693	0	249	464	44
694	0	119	432	37
695	0	220	539	45
696	0	209	264	31
697	0	128	160	23
698	0	583	213	11
699	0	322	987	39
700	0	461	1366	67
701	0	419	948	47
702	0	674	29	11
703	0	353	695	41
704	0	638	1194	58
705	0	392	619	51
706	0	499	1332	64
707	0	196	992	49
708	0	504	691	42
709	0	389	376	25
710	0	302	646	44
711	0	591	296	23
712	0	656	61	16
713	0	469	85	15
714	0	743	660	41
715	0	303	529	45
716	0	286	762	58
717	0	443	368	11
718	0	172	346	7
719	0	607	253	28
720	0	569	298	22
721	0	573	163	15
722	0	494	132	8
723	0	234	169	7
724	0	622	1004	26
725	0	802	702	27
726	0	423	260	18
727	0	427	36	9
728	0	367	18	9
729	0	298	144	7
730	0	291	149	18
731	0	230	82	11
732	0	681	1085	41
733	0	224	859	59
734	0	75	255	18
735	0	91	374	31
736	0	394	1120	104
737	0	396	552	57
738	0	451	688	79
739	0	385	510	54
740	0	581	594	84
741	0	839	665	103
742	0	877	753	111
743	0	636	818	120
744	0	1737	1756	222
745	0	1422	2302	130
746	0	58	249	18
747	0	120	338	32
748	0	112	275	26
749	0	360	418	68
750	0	211	324	37
751	0	356	693	85
752	0	62	232	18
753	0	139	438	33
754	0	77	204	23
755	0	34	365	8
756	0	56	193	20
757	0	63	113	6
758	0	215	434	36
759	0	203	601	63
760	0	145	493	33
761	0	320	1046	78
762	0	166	492	50
763	0	222	400	36
764	0	207	630	48
765	0	284	658	59
766	0	149	416	52
767	0	413	671	38
768	0	1406	1956	219
769	0	1343	1564	132
770	0	739	1100	108
771	0	62	201	11
772	0	96	191	6
773	0	596	636	59
774	0	1305	1740	150
775	0	994	1302	127
776	0	383	556	63
777	0	1063	1291	135
778	0	565	571	109
779	0	1210	163	53
780	0	405	154	37
781	0	1145	173	59
782	0	1214	61	29
783	0	1198	237	58
784	0	734	111	28
785	0	616	294	86
786	0	155	268	11
787	0	846	1094	78
788	0	335	364	43
789	0	712	925	87
790	0	542	369	41
791	0	1080	1591	124
792	0	235	301	19
793	0	179	241	14
794	0	171	89	5
795	0	255	149	20
796	0	488	64	10
797	0	505	122	12
798	0	254	111	4
799	0	500	174	15
800	0	159	115	11
801	0	444	117	16
802	0	661	329	63
803	0	606	1462	33
804	0	406	113	39
805	0	725	1000	106
806	0	684	149	19
807	0	284	91	5
808	0	128	42	7
809	0	446	315	72
810	0	324	315	43
811	0	835	749	91
812	0	637	510	33
813	0	319	138	12
814	0	773	186	37
815	0	480	1353	55
816	0	469	107	14
817	0	671	422	30
818	0	548	212	26
819	0	264	313	19
820	0	609	899	41
821	0	254	347	24
822	0	236	651	22
823	0	607	182	22
824	0	556	449	17
825	0	418	39	10
826	0	932	41	16
827	0	454	6	11
828	0	686	355	18
829	0	232	844	33
830	0	262	385	26
831	0	313	745	37
832	0	756	1281	56
833	0	402	563	31
834	0	114	516	15
835	0	525	1330	39
836	0	488	1160	48
837	0	556	1105	55
838	0	366	918	25
839	0	1491	669	51
840	0	108	324	16
841	0	688	1263	55
842	0	495	709	28
843	0	600	835	35
844	0	701	271	25
845	0	544	262	16
846	0	365	6	5
847	0	564	217	7
848	0	225	260	15
849	0	358	847	25
850	0	511	317	14
851	0	644	182	15
852	0	222	234	7
853	0	525	587	17
854	0	745	756	31
855	0	330	68	15
856	0	910	9	22
857	0	380	407	23
858	0	522	60	14
859	0	78	97	9
860	0	248	228	27
861	0	806	500	92
862	0	1371	985	142
863	0	219	296	23
864	0	583	371	46
865	0	135	124	13
866	0	149	172	18
867	0	368	334	34
868	0	217	314	31
869	0	203	489	25
870	0	285	625	26
871	0	509	497	80
872	0	528	499	17
873	0	829	820	56
874	0	528	708	36
875	0	685	394	27
876	0	531	285	18
877	0	478	73	27
878	0	568	122	34
879	0	798	11	19
880	0	900	62	12
881	0	301	537	30
882	0	359	256	14
883	0	1027	311	35
884	0	212	892	43
885	0	969	210	25
886	0	665	935	67
887	0	890	165	23
888	0	799	273	49
889	0	1813	1339	101
890	0	965	18	15
891	0	670	155	31
892	0	137	481	12
893	0	250	386	23
894	0	386	419	24
895	0	385	265	13
896	0	315	504	22
897	0	523	375	30
898	0	1190	18	11
899	0	510	215	16
900	0	889	78	10
901	0	731	472	34
902	0	647	62	19
903	0	429	273	33
904	0	350	424	15
905	0	932	805	27
906	0	470	414	22
907	0	748	736	30
908	0	680	184	33
909	0	568	691	36
910	0	400	453	22
911	0	656	90	13
912	0	352	160	14
913	0	251	663	17
914	0	125	487	11
915	0	458	548	18
916	0	406	168	11
917	0	506	586	48
918	0	499	649	24
919	0	781	10	9
920	0	1637	265	32
921	0	376	240	28
922	0	896	565	35
923	0	565	13	11
924	0	347	589	34
925	0	365	1029	50
926	0	826	808	47
927	0	779	19	6
928	0	403	303	29
929	0	793	825	30
930	0	515	177	17
931	0	685	1197	39
932	0	796	1096	49
933	0	663	159	17
934	0	448	39	9
935	0	223	800	40
936	0	433	376	42
937	0	657	672	39
938	0	825	37	11
939	0	786	76	23
940	0	497	173	18
941	0	572	133	15
942	0	855	42	13
943	0	471	747	31
944	0	221	788	34
945	0	294	18	5
946	0	272	404	19
947	0	757	8	7
948	0	729	207	27
949	0	630	638	24
950	0	697	1509	52
951	0	605	160	8
952	0	584	528	44
953	0	629	397	40
954	0	1213	80	15
955	0	372	104	19
956	0	460	281	35
957	0	361	166	24
958	0	530	579	28
959	0	451	316	16
960	0	306	123	9
961	0	924	86	16
962	0	439	611	30
963	0	455	574	35
964	0	446	420	12
965	0	802	732	30
966	0	374	492	11
967	0	506	133	18
968	0	1313	473	39
969	0	737	165	23
970	0	556	460	19
971	0	824	864	63
972	0	685	39	19
973	0	563	427	13
974	0	717	532	34
975	0	428	510	22
976	0	238	468	24
977	0	475	341	17
978	0	648	319	31
979	0	360	727	32
980	0	1000	146	21
981	0	546	877	33
982	0	215	495	22
983	0	1219	195	37
984	0	438	758	64
985	0	691	191	27
986	0	860	430	33
987	0	185	465	32
988	0	165	334	39
989	0	310	221	17
990	0	124	307	24
991	0	178	459	38
992	0	839	365	31
993	0	379	211	22
994	0	402	48	10
995	0	361	467	44
996	0	391	609	58
997	0	178	927	40
998	0	279	365	37
999	0	306	583	29
1000	0	178	377	32
1001	0	597	236	13
1002	0	303	223	15
1003	0	336	422	36
1004	0	242	403	21
1005	0	294	215	31
1006	0	251	820	53
1007	0	191	441	19
1008	0	662	785	35
1009	0	491	65	15
1010	0	60	350	15
1011	0	423	246	27
1012	0	394	811	44
1013	0	388	57	16
1014	0	506	10	13
1015	0	587	39	5
1016	0	489	75	19
1017	0	707	63	7
1018	0	916	440	44
1019	0	763	1151	85
1020	0	594	1208	52
1021	0	381	729	16
1022	0	422	591	13
1023	0	342	208	26
1024	0	599	439	20
1025	0	746	434	22
1026	0	588	363	38
1027	0	391	329	21
1028	0	1239	871	52
1029	0	550	403	35
1030	0	696	251	31
1031	0	697	152	15
1032	0	187	307	16
1033	0	686	215	26
1034	0	211	591	41
1035	0	714	914	33
1036	0	468	576	21
1037	0	612	1096	49
1038	0	260	411	25
1039	0	682	897	46
1040	0	920	70	11
1041	0	357	311	22
1042	0	548	665	38
1043	0	1007	560	52
1044	0	835	689	35
1045	0	862	446	54
1046	0	317	549	38
1047	0	713	1051	66
1048	0	827	1425	74
1049	0	603	21	11
1050	0	378	614	31
1051	0	654	736	52
1052	0	256	543	29
1053	0	690	67	24
1054	0	631	906	54
1055	0	762	466	35
1056	0	93	256	12
1057	0	347	752	39
1058	0	599	327	35
1059	0	342	280	25
1060	0	562	536	36
1061	0	391	605	37
1062	0	322	416	23
1063	0	278	428	21
1064	0	413	1119	37
1065	0	939	1691	86
1066	0	420	822	51
1067	0	550	1096	44
1068	0	530	931	53
1069	0	491	269	24
1070	0	562	265	24
1071	0	686	471	43
1072	0	364	529	34
1073	0	429	706	35
1074	0	230	606	36
1075	0	284	659	34
1076	0	116	111	17
1077	0	539	513	68
1078	0	197	197	36
1079	0	107	34	11
1080	0	208	254	31
1081	0	175	298	22
1082	0	753	807	98
1083	0	245	194	53
1084	0	271	293	45
1085	0	218	160	31
1086	0	196	168	18
1087	0	479	639	52
1088	0	19	114	8
1089	0	284	103	20
1090	0	153	125	22
1091	0	82	91	15
1092	0	72	118	10
1093	0	116	150	13
1094	0	164	94	11
1095	0	167	267	17
1096	0	410	489	43
1097	0	178	347	22
1098	0	253	170	13
1099	0	280	126	13
1100	0	937	459	47
1101	0	96	40	7
1102	0	423	199	21
1103	0	739	540	47
1104	0	84	68	5
1105	0	316	156	11
1106	0	212	255	20
1107	0	200	552	54
1108	0	784	95	22
1109	0	1616	265	41
1110	0	482	102	17
1111	0	1170	92	38
1112	0	699	94	18
1113	0	646	319	26
1114	0	872	89	17
1115	0	793	784	50
1116	0	1041	258	30
1117	0	1184	930	75
1118	0	1716	397	57
1119	0	531	94	13
1120	0	534	152	26
1121	0	1844	672	46
1122	0	1498	295	19
1123	0	435	348	21
1124	0	1168	174	26
1125	0	953	682	65
1126	0	667	618	50
1127	0	787	147	20
1128	0	1057	45	28
1129	0	935	297	24
1130	0	1424	252	25
1131	0	648	312	18
1132	0	583	863	53
1133	0	522	530	29
1134	0	874	242	42
1135	0	935	323	24
1136	0	921	218	20
1137	0	778	533	47
1138	0	1354	1261	116
1139	0	675	1028	79
1140	0	605	963	74
1141	0	995	91	29
1142	0	576	103	16
1143	0	703	121	24
1144	0	1247	683	52
1145	0	1106	164	22
1146	0	799	122	17
1147	0	265	231	22
1148	0	428	343	44
1149	0	606	101	13
1150	0	1416	218	19
1151	0	689	138	28
1152	0	447	92	10
1153	0	1070	178	37
1154	0	1039	505	69
1155	0	478	175	11
1156	0	421	395	39
1157	0	608	254	39
1158	0	397	381	28
1159	0	561	940	74
1160	0	468	171	20
1161	0	480	483	29
1162	0	574	128	17
1163	0	686	1263	64
1164	0	937	855	54
1165	0	676	460	59
1166	0	770	910	80
1167	0	367	389	21
1168	0	360	227	24
1169	0	721	335	25
1170	0	371	4	4
1171	0	650	481	32
1172	0	448	537	32
1173	0	701	965	54
1174	0	536	185	25
1175	0	361	446	18
1176	0	933	753	52
1177	0	1041	15	16
1178	0	259	665	38
1179	0	1175	812	54
1180	0	346	526	43
1181	0	278	821	31
1182	0	260	654	38
1183	0	389	1175	61
1184	0	685	34	14
1185	0	343	235	27
1186	0	604	8	7
1187	0	532	124	23
1188	0	620	14	8
1189	0	291	0	4
1190	0	343	8	7
1191	0	604	627	38
1192	0	387	215	34
1193	0	1177	685	48
1194	0	591	25	12
1195	0	524	132	20
1196	0	457	18	7
1197	0	525	285	24
1198	0	538	1224	58
1199	0	365	122	12
1200	0	743	10	8
1201	0	68	335	9
1202	0	143	606	27
1203	0	320	1133	92
1204	0	222	651	44
1205	0	151	573	33
1206	0	293	511	55
1207	0	512	347	29
1208	0	184	308	33
1209	0	59	241	12
1210	0	181	625	50
1211	0	340	544	61
1212	0	196	727	50
1213	0	104	486	23
1214	0	97	639	39
1215	0	136	408	25
1216	0	217	887	49
1217	0	189	435	30
1218	0	140	648	25
1219	0	143	371	40
1220	0	354	1065	74
1221	0	256	654	26
1222	0	209	577	43
1223	0	126	634	32
1224	0	376	775	57
1225	0	139	802	34
1226	0	143	742	45
1227	0	199	1033	49
1228	0	180	1058	43
1229	0	164	661	43
1230	0	190	655	38
1231	0	283	1075	49
1232	0	231	797	54
1233	0	31	155	8
1234	0	132	614	53
1235	0	284	785	40
1236	0	147	540	37
1237	0	462	702	52
1238	0	220	1064	63
1239	0	163	745	37
1240	0	214	1291	65
1241	0	88	282	14
1242	0	104	310	40
1243	0	465	874	58
1244	0	389	12	15
1245	0	219	486	52
1246	0	143	497	34
1247	0	592	1436	85
1248	0	970	874	39
1249	0	771	131	20
1250	0	668	374	24
1251	0	313	6	8
1252	0	805	112	10
1253	0	647	763	38
1254	0	159	538	45
1255	0	182	282	26
1256	0	210	379	42
1257	0	129	297	33
1258	0	262	437	54
1259	0	563	4	0
1260	0	429	101	16
1261	0	561	454	34
1262	0	477	494	37
1263	0	82	346	26
1264	0	111	436	22
1265	0	82	246	16
1266	0	637	1142	118
1267	0	278	784	77
1268	0	223	233	38
1269	0	378	237	35
1270	0	185	487	51
1271	0	393	496	70
1272	0	162	466	51
1273	0	245	778	104
1274	0	266	622	69
1275	0	238	829	96
1276	0	384	966	62
1277	0	408	698	79
1278	0	348	898	118
1279	0	324	277	28
1280	0	535	289	33
1281	0	316	455	56
1282	0	522	181	16
1283	0	109	399	27
1284	0	58	230	19
1285	0	262	1113	118
1286	0	215	536	39
1287	0	298	103	18
1288	0	314	742	100
1289	0	796	1172	72
1290	0	686	607	87
1291	0	895	385	40
1292	0	471	252	37
1293	0	504	328	47
1294	0	649	272	30
1295	0	648	1064	69
1296	0	208	546	47
1297	0	558	687	68
1298	0	306	563	52
1299	0	211	286	38
1300	0	435	719	48
1301	0	706	365	78
1302	0	377	582	64
1303	0	506	916	72
1304	0	67	100	9
1305	0	563	549	45
1306	0	111	186	21
1307	0	237	441	32
1308	0	926	980	107
1309	0	558	848	64
1310	0	273	427	54
1311	0	381	400	56
1312	0	96	110	11
1313	0	117	155	16
1314	0	130	147	14
1315	0	271	180	21
1316	0	481	457	43
1317	0	466	231	33
1318	0	416	670	38
1319	0	549	354	40
1320	0	182	181	18
1321	0	391	491	34
1322	0	309	358	31
1323	0	853	1063	56
1324	0	313	1246	64
1325	0	432	423	46
1326	0	418	695	74
1327	0	1163	129	29
1328	0	295	1071	71
1329	0	325	595	49
1330	0	253	535	24
1331	0	906	1388	84
1332	0	195	440	33
1333	0	413	689	64
1334	0	686	1169	84
1335	0	408	181	30
1336	0	396	738	55
1337	0	342	784	40
1338	0	312	1029	50
1339	0	258	94	17
1340	0	396	1287	77
1341	0	251	853	48
1342	0	682	578	66
1343	0	434	920	46
1344	0	455	943	50
1345	0	345	505	34
1346	0	1137	318	38
1347	0	90	231	10
1348	0	197	509	58
1349	0	171	466	47
1350	0	136	474	42
1351	0	93	192	17
1352	0	255	608	66
1353	0	194	318	53
1354	0	389	670	64
1355	0	101	156	33
1356	0	155	288	35
1357	0	119	175	28
1358	0	362	781	72
1359	0	306	627	57
1360	0	138	235	28
1361	0	306	204	44
1362	0	319	725	59
1363	0	71	261	13
1364	0	2224	1331	130
1365	0	784	359	33
1366	0	90	324	18
1367	0	2047	1251	53
1368	0	1795	1077	46
1369	0	237	459	30
1370	0	544	621	53
1371	0	259	278	25
1372	0	379	530	36
1373	0	2237	812	100
1374	0	275	522	46
1375	0	596	595	43
1376	0	43	318	21
1377	0	416	405	43
1378	0	994	861	57
1379	0	413	452	32
1380	0	447	535	38
1381	0	1214	1191	46
1382	0	70	209	19
1383	0	251	184	19
1384	0	668	151	25
1385	0	271	208	15
1386	0	913	543	62
1387	0	517	487	31
1388	0	994	708	57
1389	0	218	81	15
1390	0	800	57	16
1391	0	765	404	30
1392	0	226	128	16
1393	0	269	98	10
1394	0	816	75	13
1395	0	158	65	0
1396	0	742	765	48
1397	0	847	868	64
1398	0	225	638	64
1399	0	83	135	7
1400	0	473	756	91
1401	0	501	784	93
1402	0	209	306	50
1403	0	279	415	60
1404	0	137	194	18
1405	0	211	850	56
1406	0	115	173	15
1407	0	213	278	29
1408	0	203	251	42
1409	0	290	427	39
1410	0	514	387	32
1411	0	244	566	68
1412	0	794	646	103
1413	0	463	531	65
1414	0	286	498	57
1415	0	361	483	68
1416	0	551	244	41
1417	0	371	255	42
1418	0	390	710	73
1419	0	149	411	29
1420	0	347	292	37
1421	0	191	695	91
1422	0	237	521	74
1423	0	127	204	15
1424	0	368	653	82
1425	0	123	344	37
1426	0	139	617	33
1427	0	129	665	40
1428	0	114	274	40
1429	0	611	61	18
1430	0	169	609	67
1431	0	390	550	69
1432	0	223	981	90
1433	0	280	310	36
1434	0	106	343	27
1435	0	251	318	42
1436	0	251	670	89
1437	0	156	609	64
1438	0	162	338	52
1439	0	184	350	27
1440	0	152	853	79
1441	0	206	1021	72
1442	0	143	364	20
1443	0	129	324	32
1444	0	242	849	67
1445	0	198	421	55
1446	0	245	875	61
1447	0	199	520	32
1448	0	211	523	39
1449	0	360	435	39
1450	0	349	583	56
1451	0	301	842	50
1452	0	147	621	26
1453	0	442	1260	61
1454	0	483	1230	37
1455	0	296	674	42
1456	0	148	390	45
1457	0	216	513	71
1458	0	100	571	50
1459	0	401	754	85
1460	0	476	601	57
1461	0	217	637	47
1462	0	174	445	60
1463	0	196	353	30
1464	0	124	239	59
1465	0	235	974	71
1466	0	680	58	6
1467	0	419	18	4
1468	0	357	625	31
1469	0	543	710	39
1470	0	530	1215	67
1471	0	313	60	13
1472	0	491	175	16
1473	0	313	837	44
1474	0	334	624	27
1475	0	1077	60	18
1476	0	846	860	58
1477	0	1161	1601	55
1478	0	310	228	11
1479	0	959	707	61
1480	0	377	14	5
1481	0	1063	1019	56
1482	0	352	616	26
1483	0	314	4	3
1484	0	630	483	38
1485	0	358	627	27
1486	0	537	245	14
1487	0	659	40	3
1488	0	347	677	33
1489	0	355	247	26
1490	0	307	903	73
1491	0	170	594	65
1492	0	226	674	63
1493	0	280	1191	69
1494	0	109	495	34
1495	0	83	414	30
1496	0	334	798	82
1497	0	397	1132	62
1498	0	91	251	25
1499	0	119	583	34
1500	0	61	501	27
1501	0	179	775	50
1502	0	509	793	49
1503	0	86	468	59
1504	0	472	334	45
1505	0	641	582	48
1506	0	260	645	71
1507	0	393	627	57
1508	0	550	1113	97
1509	0	182	559	79
1510	0	284	842	67
1511	0	368	744	46
1512	0	501	483	63
1513	0	555	644	53
1514	0	688	491	48
1515	0	262	280	27
1516	0	402	477	21
1517	0	139	530	55
1518	0	341	134	13
1519	0	678	363	44
1520	0	506	267	29
1521	0	331	925	73
1522	0	516	862	54
1523	0	676	798	62
1524	0	155	409	42
1525	0	413	733	68
1526	0	71	141	14
1527	0	418	261	37
1528	0	196	511	25
1529	0	384	518	39
1530	0	608	770	78
1531	0	407	667	90
1532	0	405	916	91
1533	0	1036	1417	115
1534	0	349	268	46
1535	0	558	330	58
1536	0	446	631	80
1537	0	1528	2688	157
1538	0	464	681	93
1539	0	680	1133	113
1540	0	862	1546	117
1541	0	629	1226	122
1542	0	738	1536	120
1543	0	908	730	78
1544	0	438	683	87
1545	0	512	1153	160
1546	0	862	1208	109
1547	0	2739	3212	236
1548	0	382	182	24
1549	0	222	411	56
1550	0	453	758	99
1551	0	272	373	59
1552	0	241	363	34
1553	0	350	797	39
1554	0	733	1424	46
1555	0	154	389	26
1556	0	190	603	24
1557	0	202	791	26
1558	0	730	1341	108
1559	0	842	1933	66
1560	0	458	539	49
1561	0	237	497	40
1562	0	675	793	73
1563	0	296	621	35
1564	0	896	595	28
1565	0	394	632	39
1566	0	754	1554	83
1567	0	320	629	46
1568	0	405	510	46
1569	0	316	996	43
1570	0	247	54	8
1571	0	604	1110	34
1572	0	512	1427	62
1573	0	645	1063	57
1574	0	594	1135	44
1575	0	251	464	26
1576	0	525	573	44
1577	0	92	112	10
1578	0	303	620	41
1579	0	170	326	40
1580	0	386	707	56
1581	0	530	815	94
1582	0	602	901	119
1583	0	114	268	34
1584	0	95	192	21
1585	0	55	168	12
1586	0	35	72	9
1587	0	177	380	48
1588	0	348	493	49
1589	0	99	268	33
1590	0	78	106	8
1591	0	83	145	26
1592	0	20	41	7
1593	0	38	44	16
1594	0	166	434	23
1595	0	704	1825	122
1596	0	55	239	21
1597	0	11	67	2
1598	0	61	257	5
1599	0	56	229	13
1600	0	176	398	29
1601	0	30	133	7
1602	0	9	133	7
1603	0	76	102	18
1604	0	1124	1023	125
1605	0	59	25	2
1606	0	382	249	40
1607	0	1213	554	99
1608	0	987	591	85
1609	0	29	110	16
1610	0	981	1281	160
1611	0	162	184	22
1612	0	33	59	4
1613	0	375	401	46
1614	0	282	290	20
1615	0	228	100	17
1616	0	245	139	27
1617	0	197	321	42
1618	0	142	239	23
1619	0	338	379	19
1620	0	903	255	30
1621	0	333	132	4
1622	0	523	116	6
1623	0	70	68	9
1624	0	121	43	1
1625	0	721	75	5
1626	0	137	115	7
1627	0	134	111	4
1628	0	68	47	4
1629	0	201	100	9
1630	0	658	1842	53
1631	0	220	938	60
1632	0	268	587	71
1633	0	248	751	64
1634	0	535	980	46
1635	0	351	1192	71
1636	0	492	444	39
1637	0	286	672	27
1638	0	182	755	39
1639	0	223	1033	54
1640	0	339	1641	67
1641	0	325	458	19
1642	0	178	888	35
1643	0	82	238	36
1644	0	279	1149	62
1645	0	220	119	9
1646	0	128	156	9
1647	0	100	36	7
1648	0	160	172	7
1649	0	45	98	12
1650	0	339	174	30
1651	0	200	1056	41
1652	0	117	270	24
1653	0	501	1660	60
1654	0	264	853	66
1655	0	125	359	43
1656	0	703	90	19
1657	0	241	315	21
1658	0	86	237	35
1659	0	78	525	34
1660	0	250	867	39
1661	0	288	770	79
1662	0	150	297	30
1663	0	326	301	38
1664	0	103	725	37
1665	0	190	783	69
1666	0	151	641	39
1667	0	485	1460	78
1668	0	258	887	68
1669	0	200	691	68
1670	0	485	1281	69
1671	0	364	141	18
1672	0	250	169	22
1673	0	100	427	33
1674	0	103	64	10
1675	0	487	100	21
1676	0	343	50	10
1677	0	112	574	42
1678	0	50	20	1
1679	0	140	191	23
1680	0	63	203	15
1681	0	486	604	39
1682	0	354	287	32
1683	0	534	319	44
1684	0	66	239	30
1685	0	90	185	20
1686	0	318	998	77
1687	0	380	1149	99
1688	0	329	759	81
1689	0	63	248	20
1690	0	153	251	42
1691	0	108	399	43
1692	0	193	474	56
1693	0	216	593	98
1694	0	135	243	34
1695	0	91	335	28
1696	0	109	419	62
1697	0	261	399	48
1698	0	184	347	52
1699	0	270	425	46
1700	0	96	298	34
1701	0	182	588	66
1702	0	917	1409	155
1703	0	1000	2214	233
1704	0	737	1399	66
1705	0	839	1234	65
1706	0	717	1708	155
1707	0	127	498	42
1708	0	201	681	60
1709	0	373	600	93
1710	0	569	1245	70
1711	0	125	370	39
1712	0	520	1518	133
1713	0	141	567	54
1714	0	435	138	11
1715	0	107	74	5
1716	0	220	62	6
1717	0	221	120	13
1718	0	387	127	7
1719	0	184	21	3
1720	0	725	285	12
1721	0	541	284	17
1722	0	216	120	5
1723	0	487	336	10
1724	0	550	42	5
1725	0	249	89	10
1726	0	118	446	41
1727	0	292	616	81
1728	0	623	759	80
1729	0	71	166	11
1730	0	308	957	118
1731	0	740	459	70
1732	0	813	478	61
1733	0	656	1088	85
1734	0	679	607	62
1735	0	341	991	128
1736	0	524	653	76
1737	0	458	1382	87
1738	0	1124	3024	147
1739	0	770	1389	144
1740	0	907	1144	144
1741	0	723	2024	117
1742	0	463	652	60
1743	0	504	299	36
1744	0	391	147	28
1745	0	473	764	39
1746	0	587	1276	74
1747	0	287	885	57
1748	0	207	519	41
1749	0	686	1054	68
1750	0	456	1209	78
1751	0	196	451	29
1752	0	433	16	8
1753	0	526	209	37
1754	0	372	430	34
1755	0	366	635	65
1756	0	194	383	60
1757	0	320	616	32
1758	0	638	161	5
1759	0	1115	88	20
1760	0	400	106	3
1761	0	947	30	6
1762	0	193	568	54
1763	0	219	378	30
1764	0	1062	1292	111
1765	0	490	652	62
1766	0	560	636	48
1767	0	206	896	76
1768	0	247	728	36
1769	0	935	1564	94
1770	0	201	1068	84
1771	0	460	1148	66
1772	0	546	96	13
1773	0	297	556	59
1774	0	165	510	36
1775	0	286	319	20
1776	0	550	451	46
1777	0	791	14	7
1778	0	140	104	16
1779	0	589	442	36
1780	0	76	312	12
1781	0	199	96	12
1782	0	133	62	8
1783	0	788	605	32
1784	0	561	4	3
1785	0	1816	61	17
1786	0	898	534	45
1787	0	192	338	28
1788	0	530	1033	75
1789	0	326	1011	74
1790	0	595	1011	76
1791	0	545	1015	94
1792	0	599	1415	112
1793	0	268	841	62
1794	0	420	223	21
1795	0	356	586	66
1796	0	171	340	22
1797	0	250	253	13
1798	0	565	610	53
1799	0	331	227	15
1800	0	319	204	28
1801	0	323	874	63
1802	0	182	446	24
1803	0	705	975	77
1804	0	395	990	57
1805	0	551	1252	72
1806	0	330	390	37
1807	0	377	539	60
1808	0	261	230	28
1809	0	399	1147	74
1810	0	534	376	33
1811	0	486	920	55
1812	0	667	1026	72
1813	0	267	517	59
1814	0	291	447	48
1815	0	486	636	58
1816	0	194	204	29
1817	0	344	516	45
1818	0	826	1284	98
1819	0	577	1111	72
1820	0	277	835	59
1821	0	262	300	40
1822	0	339	799	82
1823	0	491	878	52
1824	0	478	1426	90
1825	0	295	685	63
1826	0	211	362	40
1827	0	606	536	49
1828	0	419	617	44
1829	0	198	499	27
1830	0	682	1092	71
1831	0	389	97	13
1832	0	239	338	32
1833	0	695	339	33
1834	0	194	225	18
1835	0	640	561	65
1836	0	647	792	41
1837	0	806	973	69
1838	0	492	208	27
1839	0	535	502	47
1840	0	447	188	24
1841	0	1131	2016	185
1842	0	2240	1182	152
1843	0	1212	1451	133
1844	0	1588	2362	189
1845	0	795	948	110
1846	0	214	293	16
1847	0	360	293	38
1848	0	227	307	41
1849	0	437	451	44
1850	0	1005	1141	86
1851	0	408	597	63
1852	0	152	95	17
1853	0	503	34	2
1854	0	730	767	77
1855	0	1176	1120	47
1856	0	560	694	82
1857	0	121	323	38
1858	0	219	358	20
1859	0	263	179	10
1860	0	206	268	10
1861	0	369	302	23
1862	0	407	255	11
1863	0	180	266	9
1864	0	389	782	47
1865	0	173	705	65
1866	0	91	365	24
1867	0	432	1140	91
1868	0	203	753	58
1869	0	327	238	30
1870	0	206	319	19
1871	0	552	596	64
1872	0	394	797	51
1873	0	172	421	47
1874	0	267	919	78
1875	0	529	1379	95
1876	0	1273	1536	139
1877	0	450	1127	106
1878	0	472	74	17
1879	0	683	1364	81
1880	0	1140	1331	103
1881	0	549	1298	95
1882	0	1142	1451	147
1883	0	359	485	50
1884	0	378	1028	53
1885	0	133	541	44
1886	0	159	284	23
1887	0	334	1006	72
1888	0	408	873	64
1889	0	159	452	41
1890	0	156	618	47
1891	0	79	378	23
1892	0	177	634	66
1893	0	607	972	46
1894	0	200	593	32
1895	0	300	1066	68
1896	0	839	95	45
1897	0	548	415	68
1898	0	1917	1649	103
1899	0	164	306	21
1900	0	506	278	32
1901	0	297	211	19
1902	0	347	519	38
1903	0	369	677	60
1904	0	732	1454	127
1905	0	1044	846	62
1906	0	847	150	46
1907	0	391	323	45
1908	0	668	620	69
1909	0	359	202	26
1910	0	579	942	109
1911	0	132	133	8
1912	0	933	189	41
1913	0	696	472	44
1914	0	536	411	58
1915	0	402	222	29
1916	0	1065	1475	102
1917	0	425	275	30
1918	0	379	434	44
1919	0	453	622	44
1920	0	616	281	36
1921	0	173	193	16
1922	0	510	452	33
1923	0	223	424	24
1924	0	258	540	36
1925	0	267	150	16
1926	0	590	950	54
1927	0	653	28	18
1928	0	865	108	45
1929	0	334	336	31
1930	0	757	83	37
1931	0	684	751	73
1932	0	301	354	33
1933	0	394	408	44
1934	0	481	24	18
1935	0	1143	450	31
1936	0	613	292	29
1937	0	484	740	53
1938	0	384	459	11
1939	0	1520	675	53
1940	0	480	473	29
1941	0	668	753	47
1942	0	685	841	86
1943	0	523	423	38
1944	0	1011	82	47
1945	0	698	408	67
1946	0	594	182	21
1947	0	362	272	32
1948	0	1370	515	57
1949	0	434	446	51
1950	0	680	315	48
1951	0	910	886	64
1952	0	964	1098	99
1953	0	1969	864	111
1954	0	761	180	35
1955	0	711	142	23
1956	0	501	844	100
1957	0	1263	460	77
1958	0	382	306	24
1959	0	717	967	89
1960	0	1465	1023	88
1961	0	685	343	66
1962	0	814	571	84
1963	0	645	996	75
1964	0	500	744	51
1965	0	600	842	78
1966	0	330	550	41
1967	0	777	146	33
1968	0	390	67	16
1969	0	823	545	54
1970	0	728	164	31
1971	0	528	163	44
1972	0	1418	75	48
1973	0	938	1091	67
1974	0	588	704	70
1975	0	1110	1085	88
1976	0	1007	354	72
1977	0	431	173	11
1978	0	189	88	9
1979	0	752	199	20
1980	0	728	349	22
1981	0	86	80	6
1982	0	127	82	8
1983	0	60	186	7
1984	0	981	1569	85
1985	0	384	44	9
1986	0	247	228	14
1987	0	240	175	14
1988	0	395	343	39
1989	0	488	180	31
1990	0	609	167	17
1991	0	290	364	25
1992	0	315	686	46
1993	0	256	191	20
1994	0	299	320	20
1995	0	397	322	38
1996	0	195	377	32
1997	0	179	118	14
1998	0	191	187	14
1999	0	83	70	9
2000	0	460	462	25
2001	0	163	158	16
2002	0	434	344	22
2003	0	203	156	21
2004	0	129	136	9
2005	0	239	210	25
2006	0	260	331	30
2007	0	550	409	38
2008	0	465	14	9
2009	0	99	55	6
2010	0	323	344	38
2011	0	476	213	19
2012	0	178	160	20
2013	0	182	421	25
2014	0	290	53	5
2015	0	323	407	34
2016	0	241	210	26
2017	0	149	170	16
2018	0	499	809	29
2019	0	132	144	6
2020	0	807	1097	79
2021	0	4	20	1
2022	0	26	51	7
2023	0	110	118	11
2024	0	110	138	16
2025	0	317	672	82
2026	0	711	1102	38
2027	0	541	792	30
2028	0	1064	1188	69
2029	0	544	647	39
2030	0	109	183	8
2031	0	455	192	29
2032	0	220	206	25
2033	0	72	28	2
2034	0	336	241	34
2035	0	263	382	50
2036	0	148	282	43
2037	0	44	110	8
2038	0	519	918	64
2039	0	338	424	7
2040	0	95	174	3
2041	0	26	65	3
2042	0	412	904	29
2043	0	238	176	6
2044	0	100	119	13
2045	0	133	208	18
2046	0	172	302	21
2047	0	352	387	53
2048	0	48	130	28
2049	0	154	171	11
2050	0	269	586	18
2051	0	146	344	23
2052	0	373	311	49
2053	0	641	635	95
2054	0	484	825	78
2055	0	398	760	80
2056	0	306	82	8
2057	0	498	1100	89
2058	0	218	218	18
2059	0	221	333	30
2060	0	726	734	52
2061	0	881	981	60
2062	0	371	394	34
2063	0	933	468	27
2064	0	414	412	32
2065	0	694	142	22
2066	0	198	390	29
2067	0	147	104	16
2068	0	1044	195	28
2069	0	411	682	58
2070	0	404	249	23
2071	0	207	454	37
2072	0	462	227	33
2073	0	229	222	30
2074	0	344	345	47
2075	0	85	352	39
2076	0	428	378	32
2077	0	418	837	64
2078	0	406	757	82
2079	0	558	136	19
2080	0	595	954	118
2081	0	490	229	32
2082	0	251	374	19
2083	0	466	594	54
2084	0	175	694	61
2085	0	232	238	18
2086	0	320	738	69
2087	0	76	306	37
2088	0	229	556	50
2089	0	285	415	44
2090	0	127	221	25
2091	0	126	174	14
2092	0	173	416	51
2093	0	625	844	143
2094	0	172	509	67
2095	0	36	103	17
2096	0	97	229	22
2097	0	303	626	64
2098	0	324	784	68
2099	0	678	1019	96
2100	0	217	444	46
2101	0	429	659	39
2102	0	850	776	77
2103	0	618	656	94
2104	0	442	503	54
2105	0	128	411	18
2106	0	205	749	71
2107	0	241	436	43
2108	0	179	457	31
2109	0	396	970	100
2110	0	359	596	51
2111	0	313	587	75
2112	0	657	1551	146
2113	0	285	495	37
2114	0	382	422	22
2115	0	758	320	28
2116	0	1091	36	14
2117	0	906	97	15
2118	0	533	199	25
2119	0	809	1292	39
2120	0	579	830	23
2121	0	565	210	44
2122	0	568	128	19
2123	0	469	457	15
2124	0	665	777	39
2125	0	1	9	1
2126	0	753	66	17
2127	0	700	217	26
2128	0	386	103	21
2129	0	477	182	33
2130	0	730	210	45
2131	0	498	554	34
2132	0	415	105	19
2133	0	690	106	23
2134	0	1142	1272	63
2135	0	1335	1194	84
2136	0	1576	743	61
2137	0	768	617	57
2138	0	952	1139	69
2139	0	700	1207	65
2140	0	674	573	42
2141	0	534	1103	76
2142	0	472	210	38
2143	0	450	722	23
2144	0	524	658	26
2145	0	353	727	25
2146	0	444	65	15
2147	0	590	671	25
2148	0	393	648	45
2149	0	1109	420	46
2150	0	716	932	53
2151	0	1175	84	16
2152	0	1004	246	44
2153	0	798	472	32
2154	0	1142	325	40
2155	0	840	467	30
2156	0	709	421	32
2157	0	518	449	26
2158	0	449	291	39
2159	0	906	178	27
2160	0	425	468	35
2161	0	1201	199	45
2162	0	1150	250	19
2163	0	930	358	34
2164	0	2242	1490	87
2165	0	1035	1170	61
2166	0	349	1212	20
2167	0	1794	1051	114
2168	0	541	947	55
2169	0	678	650	25
2170	0	1366	690	56
2171	0	700	51	15
2172	0	715	461	40
2173	0	1050	38	6
2174	0	706	245	36
2175	0	285	429	26
2176	0	570	693	34
2177	0	415	677	24
2178	0	625	1018	43
2179	0	1667	290	26
2180	0	1530	280	36
2181	0	1295	1440	94
2182	0	1404	833	69
2183	0	738	180	28
2184	0	858	51	27
2185	0	1000	272	48
2186	0	1035	35	25
2187	0	641	12	9
2188	0	496	11	6
2189	0	600	845	51
2190	0	443	206	24
2191	0	527	115	17
2192	0	572	197	17
2193	0	661	103	30
2194	0	1422	17	15
2195	0	480	553	25
2196	0	386	289	30
2197	0	548	661	30
2198	0	377	358	24
2199	0	529	92	19
2200	0	679	1274	40
2201	0	587	46	16
2202	0	348	607	14
2203	0	400	526	20
2204	0	315	221	33
2205	0	890	33	8
2206	0	655	238	29
2207	0	839	182	20
2208	0	851	110	20
2209	0	392	121	17
2210	0	1020	154	20
2211	0	805	478	36
2212	0	615	507	34
2213	0	540	269	48
2214	0	568	131	18
2215	0	594	137	28
2216	0	231	106	14
2217	0	552	422	58
2218	0	441	156	25
2219	0	1150	386	35
2220	0	520	44	13
2221	0	997	91	19
2222	0	273	136	22
2223	0	343	365	36
2224	0	344	582	21
2225	0	561	201	34
2226	0	779	85	21
2227	0	742	80	30
2228	0	876	8	14
2229	0	432	330	19
2230	0	372	415	31
2231	0	690	1208	61
2232	0	1080	1136	108
2233	0	1976	271	32
2234	0	409	621	29
2235	0	812	1559	42
2236	0	723	188	29
2237	0	1616	1805	104
2238	0	575	800	42
2239	0	897	1237	49
2240	0	1258	147	21
2241	0	758	39	12
2242	0	392	260	18
2243	0	797	1181	55
2244	0	467	628	19
2245	0	349	638	17
2246	0	660	940	55
2247	0	465	122	24
2248	0	862	1294	90
2249	0	958	1449	76
2250	0	587	86	35
2251	0	568	171	25
2252	0	789	145	31
2253	0	858	26	10
2254	0	376	458	18
2255	0	402	424	23
2256	0	444	731	24
2257	0	797	1315	75
2258	0	289	345	33
2259	0	1628	696	77
2260	0	1489	423	35
2261	0	842	507	26
2262	0	785	1277	86
2263	0	852	1011	73
2264	0	2250	205	35
2265	0	2209	673	80
2266	0	2484	571	68
2267	0	388	748	20
2268	0	515	175	28
2269	0	552	231	30
2270	0	619	942	38
2271	0	668	752	59
2272	0	1204	696	74
2273	0	850	53	19
2274	0	311	331	46
2275	0	894	368	44
2276	0	1369	156	29
2277	0	1060	418	36
2278	0	649	817	52
2279	0	400	381	18
2280	0	663	597	33
2281	0	996	149	22
2282	0	425	135	21
2283	0	957	928	48
2284	0	420	778	59
2285	0	8	15	6
2286	0	38	52	4
2287	0	448	403	41
2288	0	446	267	38
2289	0	692	25	15
2290	0	799	71	19
2291	0	497	239	25
2292	0	878	254	32
2293	0	1276	238	34
2294	0	1037	29	14
2295	0	867	332	35
2296	0	653	143	23
2297	0	723	78	10
2298	0	640	461	41
2299	0	328	552	14
2300	0	382	776	18
2301	0	501	476	46
2302	0	1589	773	68
2303	0	344	394	24
2304	0	385	614	41
2305	0	650	1336	52
2306	0	1750	561	57
2307	0	902	437	48
2308	0	1670	1028	82
2309	0	561	400	40
2310	0	98	10	3
2311	0	296	385	45
2312	0	128	120	12
2313	0	1078	584	80
2314	0	1030	1178	105
2315	0	583	617	50
2316	0	720	1076	94
2317	0	780	1518	133
2318	0	577	1106	109
2319	0	647	966	105
2320	0	644	920	106
2321	0	332	522	61
2322	0	830	853	70
2323	0	409	1206	101
2324	0	291	515	42
2325	0	519	471	72
2326	0	260	298	14
2327	0	327	828	63
2328	0	627	1029	117
2329	0	364	1169	113
2330	0	537	1134	133
2331	0	259	359	35
2332	0	376	561	56
2333	0	75	132	8
2334	0	428	717	77
2335	0	443	731	47
2336	0	394	649	77
2337	0	67	156	5
2338	0	227	266	36
2339	0	376	559	51
2340	0	314	555	61
2341	0	54	190	15
2342	0	113	227	24
2343	0	329	540	46
2344	0	238	342	50
2345	0	469	582	52
2346	0	438	574	66
2347	0	273	481	51
2348	0	313	389	47
2349	0	157	477	44
2350	0	182	603	57
2351	0	386	1054	76
2352	0	130	502	54
2353	0	333	1048	79
2354	0	83	167	22
2355	0	97	255	48
2356	0	236	479	51
2357	0	144	547	41
2358	0	126	412	40
2359	0	78	216	14
2360	0	232	601	74
2361	0	160	636	60
2362	0	103	205	27
2363	0	168	360	36
2364	0	248	696	84
2365	0	131	274	29
2366	0	161	73	9
2367	0	315	725	38
2368	0	396	1123	28
2369	0	228	698	55
2370	0	1912	4539	146
2371	0	419	985	59
2372	0	256	568	41
2373	0	480	1288	61
2374	0	475	707	67
2375	0	314	56	10
2376	0	441	650	51
2377	0	636	1303	88
2378	0	465	771	73
2379	0	144	1048	40
2380	0	627	946	56
2381	0	330	993	26
2382	0	311	620	41
2383	0	259	390	47
2384	0	403	664	51
2385	0	400	87	10
2386	0	215	79	9
2387	0	417	915	52
2388	0	190	526	37
2389	0	258	532	35
2390	0	190	586	43
2391	0	629	323	39
2392	0	150	980	42
2393	0	182	634	30
2394	0	362	170	17
2395	0	256	180	17
2396	0	472	217	19
2397	0	244	512	25
2398	0	216	673	36
2399	0	406	176	19
2400	0	176	506	40
2401	0	382	1012	49
2402	0	449	1226	51
2403	0	145	310	31
2404	0	657	1037	48
2405	0	514	1101	72
2406	0	602	1092	78
2407	0	157	901	59
2408	0	292	658	51
2409	0	169	833	50
2410	0	544	798	78
2411	0	398	869	66
2412	0	770	849	69
2413	0	363	651	34
2414	0	182	604	20
2415	0	259	490	35
2416	0	709	645	48
2417	0	500	595	35
2418	0	1214	1046	86
2419	0	1251	1005	49
2420	0	968	51	19
2421	0	104	3	0
2422	0	1194	441	107
2423	0	676	493	42
2424	0	876	563	30
2425	0	443	364	17
2426	0	1341	797	73
2427	0	967	624	61
2428	0	1866	55	37
2429	0	1264	462	72
2430	0	1061	65	29
2431	0	917	30	10
2432	0	915	590	69
2433	0	302	323	22
2434	0	988	502	34
2435	0	573	457	27
2436	0	1367	1115	62
2437	0	1047	1073	46
2438	0	563	440	32
2439	0	1575	322	69
2440	0	756	173	23
2441	0	595	337	35
2442	0	581	985	22
2443	0	1487	758	72
2444	0	545	478	31
2445	0	485	394	23
2446	0	657	401	20
2447	0	589	183	22
2448	0	904	216	42
2449	0	575	374	40
2450	0	1163	1100	88
2451	0	857	870	52
2452	0	696	1141	54
2453	0	734	581	54
2454	0	1970	2364	176
2455	0	1339	1238	57
2456	0	1693	1185	72
2457	0	2500	1299	115
2458	0	802	863	43
2459	0	1065	887	67
2460	0	467	180	31
2461	0	972	370	38
2462	0	424	350	17
2463	0	881	557	63
2464	0	593	495	43
2465	0	803	567	46
2466	0	450	355	27
2467	0	695	652	37
2468	0	648	382	63
2469	0	744	485	72
2470	0	776	528	79
2471	0	593	469	52
2472	0	1361	1056	74
2473	0	876	741	78
2474	0	783	301	29
2475	0	805	233	35
2476	0	476	247	32
2477	0	832	682	62
2478	0	687	724	31
2479	0	773	403	39
2480	0	823	1071	35
2481	0	1026	757	54
2482	0	1090	768	62
2483	0	490	355	33
2484	0	578	391	43
2485	0	858	575	65
2486	0	690	714	29
2487	0	825	935	64
2488	0	966	790	53
2489	0	803	759	53
2490	0	1062	1204	85
2491	0	1999	1873	141
2492	0	1050	1157	51
2493	0	923	784	66
2494	0	880	913	72
2495	0	3525	2785	191
2496	0	825	606	53
2497	0	1536	778	72
2498	0	748	737	32
2499	0	1105	1345	66
2500	0	614	709	67
2501	0	732	465	43
2502	0	730	908	48
2503	0	662	1055	39
2504	0	292	399	16
2505	0	558	963	33
2506	0	695	1194	36
2507	0	1218	1885	77
2508	0	929	1091	49
2509	0	1452	2106	109
2510	0	821	1203	86
2511	0	552	509	39
2512	0	1619	1873	106
2513	0	612	1103	43
2514	0	1678	1760	105
2515	0	623	836	67
2516	0	1030	846	65
2517	0	715	1133	69
2518	0	1148	590	64
2519	0	1398	1579	60
2520	0	946	1218	50
2521	0	691	705	19
2522	0	1068	1595	75
2523	0	1237	442	103
2524	0	1414	485	68
2525	0	403	320	25
2526	0	1362	59	24
2527	0	765	269	45
2528	0	910	301	53
2529	0	675	754	40
2530	0	376	208	29
2531	0	1626	122	21
2532	0	2161	1191	88
2533	0	1633	254	53
2534	0	424	546	33
2535	0	1400	594	48
2536	0	1541	1010	61
2537	0	2091	921	102
2538	0	216	212	18
2539	0	926	392	37
2540	0	955	612	63
2541	0	3021	461	72
2542	0	1134	865	88
2543	0	1060	167	27
2544	0	537	422	41
2545	0	438	255	20
2546	0	668	630	55
2547	0	773	718	38
2548	0	1164	655	53
2549	0	716	382	33
2550	0	800	1050	33
2551	0	633	229	52
2552	0	478	291	42
2553	0	1920	402	72
2554	0	489	596	44
2555	0	572	744	38
2556	0	811	1516	98
2557	0	1197	1524	96
2558	0	814	1275	84
2559	0	925	1930	82
2560	0	141	265	7
2561	0	845	971	48
2562	0	1439	1499	73
2563	0	1431	464	52
2564	0	2013	81	32
2565	0	871	413	58
2566	0	831	416	52
2567	0	665	519	40
2568	0	533	717	21
2569	0	1143	17	15
2570	0	935	224	39
2571	0	723	376	32
2572	0	933	734	42
2573	0	585	251	26
2574	0	575	566	41
2575	0	1447	331	45
2576	0	775	1058	71
2577	0	965	892	76
2578	0	493	778	46
2579	0	617	949	69
2580	0	1461	2043	88
2581	0	596	1217	70
2582	0	679	17	15
2583	0	595	358	25
2584	0	924	975	104
2585	0	972	1650	98
2586	0	1290	918	53
2587	0	1243	776	70
2588	0	1831	1242	114
2589	0	710	555	63
2590	0	862	761	54
2591	0	233	468	25
2592	0	533	780	49
2593	0	922	580	61
2594	0	507	568	53
2595	0	1100	824	71
2596	0	726	551	37
2597	0	598	423	45
2598	0	1175	1165	67
2599	0	720	923	32
2600	0	649	253	34
2601	0	790	336	55
2602	0	981	262	68
2603	0	462	402	29
2604	0	825	812	25
2605	0	1749	248	44
2606	0	777	117	27
2607	0	67	130	12
2608	0	393	965	95
2609	0	214	877	74
2610	0	147	382	22
2611	0	55	83	8
2612	0	420	1078	54
2613	0	187	554	52
2614	0	440	302	29
2615	0	338	1126	63
2616	0	130	373	15
2617	0	697	875	83
2618	0	417	704	44
2619	0	394	1062	71
2620	0	279	926	49
2621	0	38	184	22
2622	0	438	689	60
2623	0	168	531	28
2624	0	196	651	45
2625	0	565	1175	55
2626	0	39	99	6
2627	0	56	44	14
2628	0	27	51	2
2629	0	16	54	10
2630	0	35	100	7
2631	0	46	267	16
2632	0	219	354	30
2633	0	542	1096	58
2634	0	272	550	20
2635	0	35	116	9
2636	0	208	113	11
2637	0	119	423	35
2638	0	125	163	13
2639	0	84	127	8
2640	0	41	80	4
2641	0	369	589	22
2642	0	266	561	21
2643	0	428	351	31
2644	0	1043	831	100
2645	0	2041	1620	143
2646	0	207	273	27
2647	0	569	34	11
2648	0	1023	22	18
2649	0	254	749	37
2650	0	527	795	45
2651	0	271	232	15
2652	0	188	313	29
2653	0	274	541	19
2654	0	270	230	20
2655	0	725	82	22
2656	0	324	13	6
2657	0	1737	1905	159
2658	0	992	2047	123
2659	0	713	1179	66
2660	0	850	313	32
2661	0	1722	2274	149
2662	0	484	902	45
2663	0	372	532	30
2664	0	413	290	33
2665	0	5821	3258	291
2666	0	1658	502	60
2667	0	817	81	16
2668	0	915	121	31
2669	0	976	306	20
2670	0	1374	477	52
2671	0	471	841	58
2672	0	727	233	31
2673	0	1624	1080	150
2674	0	644	346	39
2675	0	454	632	47
2676	0	1259	1229	97
2677	0	430	830	40
2678	0	882	352	37
2679	0	322	751	62
2680	0	414	308	22
2681	0	194	107	13
2682	0	569	390	30
2683	0	404	97	13
2684	0	1091	291	37
2685	0	629	144	23
2686	0	239	204	24
2687	0	559	265	25
2688	0	3592	1287	128
2689	0	205	233	52
2690	0	526	513	84
2691	0	477	546	107
2692	0	497	394	83
