1	0	368	733	74
2	0	447	645	62
3	0	1099	970	134
4	0	596	995	111
5	0	625	1130	114
6	0	200	785	61
7	0	635	1104	110
8	0	394	720	91
9	0	266	1038	94
10	0	231	1401	143
11	0	178	1173	92
12	0	405	456	52
13	0	214	1379	141
14	0	178	1180	97
15	0	343	1074	106
16	0	342	1074	106
17	0	440	832	82
18	0	901	809	104
19	0	509	1255	144
20	0	754	2218	244
21	0	1679	3400	425
22	0	683	288	27
23	0	239	267	24
24	0	244	318	28
25	0	326	234	16
26	0	53	452	24
27	0	1688	889	108
28	0	314	173	22
29	0	432	113	20
30	0	848	969	109
31	0	1042	1458	135
32	0	1168	716	160
33	0	156	240	17
34	0	148	252	20
35	0	1266	706	208
36	0	870	306	90
37	0	1407	1246	202
38	0	115	169	23
39	0	910	1176	168
40	0	1077	916	160
41	0	1366	1220	210
42	0	375	864	83
43	0	268	467	51
44	0	597	975	116
45	0	160	227	19
46	0	545	1039	109
47	0	202	508	53
48	0	24	77	9
49	0	1294	727	203
50	0	19	183	12
51	0	133	487	36
52	0	49	270	22
53	0	467	915	120
54	0	673	1336	85
55	0	790	589	52
56	0	208	356	29
57	0	508	964	74
58	0	402	326	45
59	0	33	180	16
60	0	32	221	15
61	0	34	181	13
62	0	18	180	12
63	0	97	387	36
64	0	20	41	3
65	0	43	309	31
66	0	402	325	45
67	0	844	603	58
68	0	213	261	27
69	0	239	405	19
70	0	238	405	19
71	0	154	422	20
72	0	313	425	19
73	0	472	63	13
74	0	548	179	29
75	0	212	32	12
76	0	68	383	44
77	0	36	186	17
78	0	116	503	34
79	0	100	239	26
80	0	245	619	54
81	0	84	384	39
82	0	12	146	11
83	0	99	255	14
84	0	313	252	26
85	0	112	106	16
86	0	637	415	85
87	0	1277	513	96
88	0	3266	2579	389
89	0	466	468	65
90	0	299	522	47
91	0	785	1340	157
92	0	338	188	28
93	0	645	347	48
94	0	486	18	10
95	0	648	548	79
96	0	289	373	30
97	0	304	811	58
98	0	342	1963	178
99	0	224	644	49
100	0	605	1329	124
101	0	335	1531	118
102	0	151	1084	90
103	0	445	965	111
104	0	559	1204	119
105	0	371	463	59
106	0	177	709	72
107	0	477	920	103
108	0	429	2186	176
109	0	173	671	53
110	0	897	746	120
111	0	644	1554	147
112	0	248	796	60
113	0	454	1691	145
114	0	122	863	86
115	0	265	1037	93
116	0	310	1011	98
117	0	1088	657	103
118	0	485	49	30
119	0	199	1028	96
120	0	75	505	37
121	0	176	993	80
122	0	1122	600	118
123	0	970	36	32
124	0	310	1011	98
125	0	612	680	89
126	0	562	655	75
127	0	798	637	117
128	0	549	274	47
129	0	857	791	105
130	0	943	534	72
131	0	842	540	76
132	0	717	1293	93
133	0	1188	2211	187
134	0	265	742	46
135	0	541	1522	91
136	0	341	1428	71
137	0	826	744	87
138	0	1352	1731	176
139	0	853	1659	134
140	0	1480	1828	158
141	0	280	876	38
142	0	2277	3724	288
143	0	439	1348	87
144	0	969	1380	118
145	0	238	697	39
146	0	226	1120	48
147	0	238	697	40
148	0	257	1339	80
149	0	361	1013	50
150	0	361	1013	50
151	0	265	742	46
152	0	412	1490	80
153	0	270	586	21
154	0	105	591	24
155	0	1192	2615	217
156	0	561	1332	133
157	0	1983	3775	286
158	0	1939	1941	231
159	0	1388	1812	174
160	0	1334	2310	197
161	0	596	1294	109
162	0	1435	3466	259
163	0	578	2011	114
164	0	265	742	46
165	0	106	591	25
166	0	857	1241	102
167	0	233	783	56
168	0	168	312	23
169	0	477	1108	129
170	0	323	685	63
171	0	401	361	28
172	0	739	151	22
173	0	563	231	18
174	0	541	458	40
175	0	94	213	7
176	0	299	422	27
177	0	174	159	15
178	0	520	1319	127
179	0	262	209	23
180	0	1172	832	66
181	0	681	501	51
182	0	134	275	20
183	0	217	223	13
184	0	7	10	2
185	0	479	853	119
186	0	898	1553	203
187	0	273	357	46
188	0	266	452	49
189	0	754	1251	159
190	0	547	608	79
191	0	687	799	77
192	0	84	110	10
193	0	436	608	96
194	0	622	648	80
195	0	529	827	106
196	0	188	544	51
197	0	226	537	58
198	0	495	1282	106
199	0	162	304	28
200	0	213	554	58
201	0	607	947	140
202	0	467	576	76
203	0	489	658	96
204	0	56	228	17
205	0	400	835	100
206	0	203	581	64
207	0	258	341	48
208	0	571	809	77
209	0	175	107	6
210	0	199	59	6
211	0	671	127	16
212	0	856	98	12
213	0	671	127	15
214	0	388	397	17
215	0	677	204	22
216	0	1265	193	30
217	0	841	255	17
218	0	453	593	27
219	0	844	120	16
220	0	167	84	4
221	0	176	215	19
222	0	674	1045	63
223	0	712	1011	70
224	0	176	215	19
225	0	234	495	34
226	0	187	485	34
227	0	272	288	24
228	0	412	658	48
229	0	311	370	34
230	0	194	419	29
231	0	266	376	23
232	0	557	615	51
233	0	603	544	44
234	0	313	394	25
235	0	361	297	28
236	0	229	319	20
237	0	214	383	26
238	0	253	389	28
239	0	544	188	20
240	0	252	388	28
241	0	1335	490	52
242	0	625	224	18
243	0	625	224	18
244	0	351	114	8
245	0	351	113	7
246	0	1017	369	30
247	0	167	84	4
248	0	167	84	4
249	0	432	611	62
250	0	343	733	78
251	0	224	184	37
252	0	34	72	7
253	0	161	426	32
254	0	132	346	37
255	0	278	634	81
256	0	240	672	51
257	0	146	646	53
258	0	115	339	29
259	0	119	348	30
260	0	219	577	57
261	0	72	195	31
262	0	452	1224	127
263	0	297	870	96
264	0	530	1306	136
265	0	40	161	13
266	0	36	160	15
267	0	348	718	59
268	0	178	255	27
269	0	189	407	39
270	0	34	319	18
271	0	506	1403	98
272	0	126	520	50
273	0	517	1934	160
274	0	641	1592	151
275	0	123	285	40
276	0	48	81	14
277	0	208	594	44
278	0	734	2621	218
279	0	181	187	22
280	0	195	374	26
281	0	96	405	32
282	0	891	1345	101
283	0	1343	1099	168
284	0	672	999	77
285	0	1081	351	74
286	0	564	1304	112
287	0	707	1505	125
288	0	636	2079	106
289	0	481	420	44
290	0	1090	2337	170
291	0	340	450	49
292	0	275	402	34
293	0	895	607	82
294	0	588	703	91
295	0	318	1192	89
296	0	821	374	60
297	0	950	1056	80
298	0	885	1643	193
299	0	374	1386	141
300	0	1214	1846	168
301	0	744	1904	150
302	0	885	1644	193
303	0	48	255	28
304	0	162	554	65
305	0	280	977	173
306	0	382	1149	167
307	0	2210	746	130
308	0	769	26	27
309	0	3200	224	113
310	0	2331	845	101
311	0	1827	959	58
312	0	3846	1309	145
313	0	1969	940	117
314	0	1896	485	106
315	0	1405	133	36
316	0	237	503	44
317	0	161	617	40
318	0	407	1070	80
319	0	275	490	53
320	0	332	1365	82
321	0	298	639	48
322	0	236	1019	71
323	0	179	717	62
324	0	200	767	45
325	0	98	464	25
326	0	221	580	60
327	0	381	523	47
328	0	370	1144	113
329	0	199	820	44
330	0	461	833	90
331	0	185	704	38
332	0	1981	239	82
333	0	2920	2190	191
334	0	3845	521	119
335	0	1804	88	62
336	0	2395	1639	148
337	0	3634	991	174
338	0	216	1437	67
339	0	281	1112	77
340	0	200	656	49
341	0	2391	1656	183
342	0	1147	1369	114
343	0	1581	169	57
344	0	1652	118	56
345	0	4498	917	195
346	0	1274	1585	125
347	0	2040	1037	120
348	0	3098	543	218
349	0	422	694	42
350	0	2086	271	131
351	0	1160	317	39
352	0	2140	227	78
353	0	1371	79	44
354	0	4989	1670	247
355	0	1293	62	26
356	0	3864	1265	232
357	0	1007	798	80
358	0	1072	2988	167
359	0	1162	2123	158
360	0	1121	1228	72
361	0	1165	2027	114
362	0	2025	2877	281
363	0	1673	2802	225
364	0	822	1788	97
365	0	869	709	92
366	0	1339	1799	211
367	0	917	1635	101
368	0	2623	3773	366
369	0	1026	2758	190
370	0	1829	605	101
371	0	4407	1613	241
372	0	2228	943	117
373	0	3472	883	160
374	0	1764	752	81
375	0	1433	166	56
376	0	4333	917	197
377	0	1340	367	48
378	0	462	26	18
379	0	918	18	23
380	0	1054	22	12
381	0	3119	60	75
382	0	1324	117	41
383	0	837	84	31
384	0	831	89	25
385	0	1517	92	36
386	0	1190	175	37
387	0	852	35	29
388	0	1129	202	30
389	0	1678	238	72
390	0	111	630	40
391	0	156	573	58
392	0	344	977	84
393	0	224	936	57
394	0	265	939	97
395	0	1830	317	53
396	0	5656	739	212
397	0	1228	1531	103
398	0	1856	309	69
399	0	335	554	33
400	0	142	257	29
401	0	351	800	47
402	0	312	1079	54
403	0	304	816	90
404	0	582	349	27
405	0	688	262	24
406	0	1884	359	35
407	0	1244	932	71
408	0	397	831	50
409	0	696	1279	74
410	0	231	947	77
411	0	519	1539	178
412	0	632	1549	148
413	0	387	1213	95
414	0	385	562	82
415	0	517	788	68
416	0	261	445	67
417	0	701	1163	138
418	0	432	28	21
419	0	943	3090	263
420	0	400	1239	141
421	0	480	863	128
422	0	631	908	139
423	0	706	1159	143
424	0	518	1906	198
425	0	770	2084	179
426	0	212	541	37
427	0	436	274	41
428	0	361	695	74
429	0	434	596	77
430	0	132	364	25
431	0	20	206	15
432	0	154	1035	87
433	0	831	1058	116
434	0	447	1272	74
435	0	343	1156	115
436	0	666	2098	195
437	0	698	1443	108
438	0	641	871	139
439	0	301	1213	77
440	0	484	696	104
441	0	401	603	82
442	0	827	2446	219
443	0	467	1309	112
444	0	532	374	79
445	0	591	1361	167
446	0	495	1777	129
447	0	723	782	76
448	0	111	433	36
449	0	69	302	27
450	0	54	217	18
451	0	67	438	30
452	0	703	222	56
453	0	360	1881	143
454	0	196	128	26
455	0	82	135	13
456	0	80	240	17
457	0	581	667	57
458	0	453	642	56
459	0	702	2264	199
460	0	210	256	34
461	0	257	1361	88
462	0	595	1023	79
463	0	328	367	45
464	0	341	330	41
465	0	333	189	34
466	0	431	901	83
467	0	1008	964	128
468	0	132	207	16
469	0	626	820	62
470	0	1025	1172	121
471	0	113	718	60
472	0	448	231	44
473	0	37	121	9
474	0	925	1482	209
475	0	596	1485	157
476	0	148	124	11
477	0	492	1022	58
478	0	382	1560	96
479	0	295	526	49
480	0	552	357	38
481	0	59	412	18
482	0	1016	930	78
483	0	292	365	24
484	0	144	731	36
485	0	374	674	24
486	0	986	434	41
487	0	437	464	49
488	0	1307	708	61
489	0	1422	1534	128
490	0	639	861	58
491	0	10	120	9
492	0	225	731	51
493	0	235	711	65
494	0	521	433	44
495	0	104	197	22
496	0	156	445	27
497	0	516	378	40
498	0	174	646	47
499	0	418	301	20
500	0	64	219	18
501	0	147	418	33
502	0	569	562	50
503	0	457	153	7
504	0	160	622	35
505	0	94	374	31
506	0	227	751	62
507	0	563	876	60
508	0	972	1151	51
509	0	502	1831	64
510	0	1091	950	55
511	0	446	523	41
512	0	689	262	24
513	0	1337	617	56
514	0	2392	2707	134
515	0	742	1557	76
516	0	2339	1284	115
517	0	1073	1892	75
518	0	194	425	21
519	0	344	1748	82
520	0	472	751	28
521	0	1239	152	31
522	0	972	1150	51
523	0	193	762	59
524	0	32	206	9
525	0	180	752	53
526	0	196	142	13
527	0	234	373	42
528	0	834	1651	184
529	0	55	317	26
530	0	332	605	48
531	0	862	386	53
532	0	215	808	56
533	0	494	482	59
534	0	185	528	39
535	0	536	838	66
536	0	131	350	21
537	0	463	494	58
538	0	332	168	18
539	0	730	1567	97
540	0	728	1546	119
541	0	645	1085	117
542	0	436	704	94
543	0	671	1773	185
544	0	991	992	143
545	0	227	473	53
546	0	289	566	62
547	0	465	1075	115
548	0	237	418	30
549	0	379	650	54
550	0	651	720	63
551	0	619	977	79
552	0	474	938	107
553	0	644	1095	77
554	0	541	813	98
555	0	628	926	69
556	0	243	588	47
557	0	765	1781	126
558	0	999	1588	83
559	0	577	1272	94
560	0	842	481	47
561	0	185	904	67
562	0	422	650	44
563	0	1026	1151	93
564	0	289	320	28
565	0	166	521	20
566	0	757	1345	101
567	0	574	1151	118
568	0	439	1332	103
569	0	313	507	61
570	0	851	839	114
571	0	263	327	24
572	0	424	277	23
573	0	333	368	32
574	0	233	640	37
575	0	674	169	30
576	0	840	626	61
577	0	707	307	48
578	0	1070	384	49
579	0	965	562	64
580	0	94	105	9
581	0	197	611	41
582	0	294	550	69
583	0	542	1114	111
584	0	469	1435	123
585	0	452	1192	98
586	0	1199	1666	172
587	0	901	788	119
588	0	815	645	88
589	0	701	1146	99
590	0	1913	2481	207
591	0	840	1149	125
592	0	939	626	91
593	0	1763	850	113
594	0	3515	1008	239
595	0	1674	1867	160
596	0	650	64	26
597	0	731	2526	124
598	0	846	858	69
599	0	1178	1174	157
600	0	522	941	44
601	0	1389	348	92
602	0	1387	1231	127
603	0	1679	131	80
604	0	190	657	65
605	0	246	953	69
606	0	125	542	54
607	0	82	422	43
608	0	400	1244	99
609	0	211	581	53
610	0	328	1023	108
611	0	345	1050	86
612	0	249	745	78
613	0	248	674	86
614	0	376	880	102
615	0	194	684	66
616	0	44	250	18
617	0	172	411	27
618	0	432	581	71
619	0	950	376	82
620	0	1334	405	70
621	0	916	1092	86
622	0	960	1279	92
623	0	631	1099	60
624	0	177	592	35
625	0	897	1410	82
626	0	978	1624	82
627	0	1795	1338	172
628	0	391	487	37
629	0	328	593	39
630	0	661	443	63
631	0	207	336	29
632	0	767	636	79
633	0	1165	1181	112
634	0	1069	627	73
635	0	854	1778	108
636	0	2042	1533	148
637	0	623	507	85
638	0	1421	1064	160
639	0	829	1080	70
640	0	93	273	21
641	0	591	1129	114
642	0	40	246	18
643	0	280	549	54
644	0	261	956	96
645	0	476	1115	99
646	0	677	677	82
647	0	588	411	61
648	0	365	752	66
649	0	605	458	76
650	0	504	699	52
651	0	708	516	77
652	0	801	943	72
653	0	247	301	30
654	0	40	246	19
655	0	93	273	21
656	0	93	273	21
657	0	287	404	40
658	0	1293	2252	201
659	0	1027	1280	151
660	0	307	1039	76
661	0	666	2023	167
662	0	299	715	80
663	0	300	716	80
664	0	301	1261	94
665	0	433	1436	109
666	0	438	1529	129
667	0	275	1231	101
668	0	482	1185	117
669	0	305	850	78
670	0	268	932	85
671	0	544	574	64
672	0	704	54	30
673	0	850	654	64
674	0	612	1390	91
675	0	839	282	36
676	0	912	727	61
677	0	831	1207	77
678	0	405	1413	110
679	0	428	1670	98
680	0	461	1312	93
681	0	213	513	42
682	0	201	894	83
683	0	559	1624	132
684	0	241	1037	77
685	0	873	2455	196
686	0	365	1372	135
687	0	198	648	73
688	0	304	850	77
689	0	241	1037	78
690	0	461	532	61
691	0	266	798	79
692	0	504	546	82
693	0	290	731	71
694	0	198	649	73
695	0	287	893	91
696	0	399	537	80
697	0	266	798	79
698	0	866	270	46
699	0	562	1579	78
700	0	662	2151	131
701	0	624	1653	104
702	0	862	91	28
703	0	492	1037	66
704	0	1036	1917	130
705	0	620	951	67
706	0	627	1873	101
707	0	258	1557	79
708	0	809	999	81
709	0	623	524	47
710	0	480	932	62
711	0	831	397	42
712	0	964	84	48
713	0	716	162	54
714	0	1176	973	99
715	0	443	906	97
716	0	388	1193	94
717	0	729	140	19
718	0	218	534	40
719	0	875	458	65
720	0	821	407	46
721	0	796	232	45
722	0	608	150	27
723	0	419	247	31
724	0	848	1716	118
725	0	1285	1388	122
726	0	601	562	57
727	0	608	151	27
728	0	529	396	58
729	0	529	395	57
730	0	729	141	19
731	0	420	248	32
732	0	1056	2015	195
733	0	321	1552	97
734	0	96	418	29
735	0	137	703	42
736	0	543	2143	174
737	0	558	857	87
738	0	662	1231	144
739	0	511	792	94
740	0	714	1064	149
741	0	1144	1230	176
742	0	1418	1287	187
743	0	1007	1598	228
744	0	2936	3736	493
745	0	2058	3677	301
746	0	82	480	32
747	0	134	630	41
748	0	133	505	48
749	0	581	722	97
750	0	325	632	78
751	0	447	1262	122
752	0	71	463	25
753	0	149	716	56
754	0	88	367	50
755	0	42	554	19
756	0	68	351	34
757	0	64	206	21
758	0	277	867	52
759	0	264	1100	109
760	0	216	1009	85
761	0	436	2031	170
762	0	246	1031	82
763	0	315	717	69
764	0	315	1086	89
765	0	395	1031	71
766	0	236	789	82
767	0	605	1028	81
768	0	2108	3701	459
769	0	1917	2584	303
770	0	1188	2095	243
771	0	66	278	16
772	0	145	359	27
773	0	800	911	98
774	0	1224	1923	161
775	0	1883	3122	305
776	0	714	1064	150
777	0	1638	2359	290
778	0	834	1147	208
779	0	1976	411	206
780	0	717	398	96
781	0	2233	602	213
782	0	1961	163	126
783	0	1637	442	142
784	0	1187	211	107
785	0	970	608	163
786	0	180	394	32
787	0	1181	1688	154
788	0	564	647	100
789	0	1184	1614	186
790	0	708	578	75
791	0	1596	2637	274
792	0	304	444	34
793	0	250	351	25
794	0	216	162	15
795	0	419	274	26
796	0	770	109	15
797	0	662	171	18
798	0	377	197	21
799	0	751	231	29
800	0	237	194	17
801	0	585	232	18
802	0	1328	906	204
803	0	870	2020	113
804	0	922	400	118
805	0	1009	1724	182
806	0	997	272	28
807	0	410	143	18
808	0	184	85	4
809	0	1516	1111	257
810	0	484	570	102
811	0	1246	1325	195
812	0	1026	779	108
813	0	547	232	49
814	0	1178	365	85
815	0	717	2098	117
816	0	681	180	33
817	0	1114	676	74
818	0	801	341	44
819	0	461	425	59
820	0	864	1238	104
821	0	357	498	36
822	0	347	910	71
823	0	841	277	44
824	0	666	552	29
825	0	795	89	31
826	0	1432	91	68
827	0	1295	31	51
828	0	990	526	62
829	0	316	1438	79
830	0	420	606	78
831	0	499	1196	55
832	0	1003	1984	128
833	0	680	903	85
834	0	149	771	41
835	0	781	1964	99
836	0	752	1663	109
837	0	780	1558	117
838	0	546	1354	87
839	0	2437	991	144
840	0	128	537	32
841	0	967	1766	117
842	0	750	1046	95
843	0	905	1243	93
844	0	1313	423	105
845	0	751	327	44
846	0	976	28	52
847	0	682	288	29
848	0	465	401	49
849	0	517	1180	72
850	0	891	510	57
851	0	986	294	47
852	0	341	328	42
853	0	745	792	64
854	0	1075	992	76
855	0	651	134	56
856	0	1455	50	77
857	0	633	616	82
858	0	773	106	52
859	0	101	197	18
860	0	296	403	52
861	0	2123	1773	333
862	0	1813	1711	244
863	0	283	490	54
864	0	676	674	57
865	0	151	243	23
866	0	194	310	28
867	0	421	590	72
868	0	298	554	44
869	0	326	808	62
870	0	400	867	58
871	0	877	939	144
872	0	700	671	32
873	0	1121	1081	114
874	0	840	1142	88
875	0	1071	590	69
876	0	868	456	87
877	0	2211	443	157
878	0	1271	291	92
879	0	1508	49	41
880	0	1370	149	66
881	0	451	789	72
882	0	499	336	56
883	0	1692	547	80
884	0	405	1423	70
885	0	1491	343	81
886	0	1039	1475	137
887	0	1599	306	78
888	0	1626	467	128
889	0	3079	2273	299
890	0	1762	95	66
891	0	1437	303	114
892	0	207	716	43
893	0	423	498	53
894	0	590	612	48
895	0	478	403	46
896	0	459	675	54
897	0	870	543	77
898	0	1503	39	57
899	0	797	336	86
900	0	1235	164	63
901	0	1174	737	113
902	0	941	178	50
903	0	757	422	70
904	0	552	552	49
905	0	1339	1152	88
906	0	640	614	55
907	0	1217	1200	82
908	0	1547	352	124
909	0	729	929	90
910	0	638	758	51
911	0	1118	205	74
912	0	606	266	63
913	0	378	781	34
914	0	214	761	67
915	0	601	751	72
916	0	634	260	45
917	0	757	971	105
918	0	565	851	38
919	0	1061	34	36
920	0	2252	489	83
921	0	588	361	61
922	0	1727	1016	119
923	0	936	30	58
924	0	532	736	62
925	0	461	1499	82
926	0	1276	1143	137
927	0	1011	44	32
928	0	609	416	55
929	0	991	1012	61
930	0	917	321	82
931	0	1028	1554	98
932	0	1362	1556	169
933	0	1058	281	73
934	0	815	87	44
935	0	276	1213	83
936	0	607	510	74
937	0	887	960	69
938	0	1234	92	53
939	0	1128	138	61
940	0	886	275	80
941	0	1248	208	67
942	0	1147	88	41
943	0	707	1017	77
944	0	255	1181	74
945	0	563	57	57
946	0	454	552	73
947	0	1007	80	28
948	0	1343	424	90
949	0	741	777	47
950	0	1258	2340	167
951	0	912	270	54
952	0	990	753	82
953	0	1037	609	110
954	0	1869	141	53
955	0	697	193	64
956	0	942	571	81
957	0	735	327	74
958	0	650	709	41
959	0	707	423	49
960	0	580	224	48
961	0	1565	213	65
962	0	580	835	67
963	0	680	849	68
964	0	542	643	47
965	0	1016	921	82
966	0	444	653	25
967	0	770	192	54
968	0	1943	780	96
969	0	1111	253	63
970	0	672	591	71
971	0	1364	1600	138
972	0	1131	101	41
973	0	836	542	38
974	0	1077	747	71
975	0	614	766	60
976	0	368	653	52
977	0	559	476	27
978	0	1304	530	97
979	0	452	957	75
980	0	1475	327	65
981	0	697	1209	72
982	0	285	800	48
983	0	2229	437	118
984	0	623	1413	125
985	0	1089	307	57
986	0	1196	701	68
987	0	241	829	48
988	0	239	631	56
989	0	431	386	32
990	0	197	447	26
991	0	252	789	39
992	0	1206	655	71
993	0	486	370	43
994	0	552	96	27
995	0	517	720	47
996	0	460	915	51
997	0	295	1436	61
998	0	402	579	51
999	0	422	825	44
1000	0	250	601	45
1001	0	808	365	38
1002	0	411	381	22
1003	0	478	663	41
1004	0	313	645	42
1005	0	420	378	24
1006	0	360	1248	51
1007	0	260	691	43
1008	0	843	1035	57
1009	0	866	166	56
1010	0	73	468	15
1011	0	734	421	65
1012	0	586	1295	114
1013	0	654	121	59
1014	0	1535	41	49
1015	0	954	94	37
1016	0	851	151	40
1017	0	1048	132	29
1018	0	1571	817	109
1019	0	1304	2064	191
1020	0	877	1853	131
1021	0	471	969	15
1022	0	481	793	28
1023	0	493	386	55
1024	0	778	587	36
1025	0	1569	904	109
1026	0	799	559	67
1027	0	546	469	31
1028	0	2181	1776	188
1029	0	938	699	74
1030	0	988	516	57
1031	0	1170	275	65
1032	0	321	517	44
1033	0	1187	381	63
1034	0	294	985	72
1035	0	886	1171	70
1036	0	665	796	55
1037	0	927	1727	108
1038	0	349	591	53
1039	0	910	1256	59
1040	0	1345	126	54
1041	0	516	455	48
1042	0	906	1062	94
1043	0	1763	1130	155
1044	0	1297	1026	88
1045	0	1423	887	118
1046	0	542	990	75
1047	0	1105	1741	133
1048	0	1418	2544	153
1049	0	870	52	33
1050	0	494	979	75
1051	0	1007	1244	108
1052	0	451	966	69
1053	0	1336	282	79
1054	0	937	1441	93
1055	0	1421	801	109
1056	0	138	385	18
1057	0	539	1183	83
1058	0	973	566	87
1059	0	547	433	70
1060	0	762	788	71
1061	0	590	821	54
1062	0	477	623	22
1063	0	526	747	94
1064	0	610	1648	104
1065	0	1390	2779	197
1066	0	692	1256	93
1067	0	905	1704	99
1068	0	721	1316	78
1069	0	764	462	71
1070	0	1009	463	70
1071	0	1167	933	127
1072	0	554	923	60
1073	0	643	1220	97
1074	0	300	970	68
1075	0	397	1091	83
1076	0	143	198	21
1077	0	610	877	117
1078	0	202	356	47
1079	0	110	69	20
1080	0	251	451	64
1081	0	231	444	42
1082	0	1065	1398	184
1083	0	299	330	45
1084	0	336	475	84
1085	0	212	296	51
1086	0	230	266	35
1087	0	577	1118	111
1088	0	19	183	10
1089	0	356	177	34
1090	0	136	199	24
1091	0	88	145	9
1092	0	88	159	11
1093	0	107	224	18
1094	0	155	157	20
1095	0	186	440	31
1096	0	482	839	44
1097	0	189	554	36
1098	0	319	222	33
1099	0	369	191	33
1100	0	1248	728	65
1101	0	127	59	8
1102	0	539	296	38
1103	0	1129	873	92
1104	0	99	119	11
1105	0	433	226	19
1106	0	292	414	30
1107	0	237	851	71
1108	0	1737	412	79
1109	0	2146	399	94
1110	0	1391	414	81
1111	0	1728	211	65
1112	0	871	148	31
1113	0	852	494	52
1114	0	1155	137	39
1115	0	1033	1103	97
1116	0	1329	360	42
1117	0	1924	1777	172
1118	0	2348	649	99
1119	0	687	132	22
1120	0	1332	387	102
1121	0	2514	1017	119
1122	0	1855	437	75
1123	0	554	543	36
1124	0	1773	303	91
1125	0	1367	1069	123
1126	0	922	991	105
1127	0	1222	319	55
1128	0	1488	106	36
1129	0	1363	415	55
1130	0	1988	416	55
1131	0	842	494	57
1132	0	777	1307	80
1133	0	743	808	75
1134	0	1414	433	61
1135	0	1340	486	50
1136	0	1260	300	62
1137	0	1130	1015	91
1138	0	2379	2337	232
1139	0	1080	1746	132
1140	0	916	1509	114
1141	0	1725	193	82
1142	0	1270	446	74
1143	0	1349	284	63
1144	0	1663	1001	97
1145	0	1510	292	54
1146	0	1100	187	38
1147	0	383	425	37
1148	0	564	538	60
1149	0	962	259	38
1150	0	1720	277	44
1151	0	1703	454	114
1152	0	631	150	27
1153	0	1608	351	79
1154	0	1736	961	139
1155	0	590	271	8
1156	0	573	721	47
1157	0	906	449	49
1158	0	617	680	49
1159	0	865	1850	134
1160	0	685	342	36
1161	0	686	820	55
1162	0	854	219	23
1163	0	1125	2460	230
1164	0	1624	1619	146
1165	0	1070	864	108
1166	0	1220	1797	146
1167	0	504	611	35
1168	0	435	443	31
1169	0	1005	434	46
1170	0	601	25	21
1171	0	989	687	80
1172	0	805	1003	96
1173	0	1060	1737	130
1174	0	1020	344	82
1175	0	455	555	32
1176	0	1542	1305	143
1177	0	1407	51	34
1178	0	409	1057	74
1179	0	1826	1432	118
1180	0	546	897	95
1181	0	409	1432	78
1182	0	464	1097	85
1183	0	535	1958	124
1184	0	1105	99	28
1185	0	576	434	68
1186	0	846	26	33
1187	0	938	300	59
1188	0	1068	35	28
1189	0	482	19	24
1190	0	537	17	21
1191	0	1080	1147	96
1192	0	548	338	45
1193	0	2098	1305	178
1194	0	1004	72	45
1195	0	908	245	46
1196	0	651	35	37
1197	0	853	451	51
1198	0	831	1880	133
1199	0	834	256	66
1200	0	980	38	21
1201	0	196	1000	74
1202	0	108	604	30
1203	0	481	1988	160
1204	0	310	1252	95
1205	0	372	1445	103
1206	0	425	780	85
1207	0	634	724	87
1208	0	425	780	85
1209	0	108	805	47
1210	0	251	1138	82
1211	0	634	725	88
1212	0	196	999	74
1213	0	316	1314	89
1214	0	108	805	47
1215	0	368	721	79
1216	0	316	1314	89
1217	0	367	721	79
1218	0	305	1470	104
1219	0	414	1355	126
1220	0	414	1355	127
1221	0	425	780	85
1222	0	347	1039	70
1223	0	196	1239	72
1224	0	571	1266	109
1225	0	213	1622	119
1226	0	196	1240	73
1227	0	289	1798	110
1228	0	306	1472	104
1229	0	373	1445	103
1230	0	242	1086	83
1231	0	373	1445	103
1232	0	316	1314	89
1233	0	107	604	30
1234	0	250	1138	82
1235	0	346	1038	69
1236	0	306	1472	104
1237	0	654	1158	107
1238	0	289	1606	119
1239	0	289	1607	119
1240	0	375	2380	127
1241	0	108	409	18
1242	0	138	565	33
1243	0	662	1422	124
1244	0	527	27	24
1245	0	339	787	66
1246	0	166	740	34
1247	0	794	2083	127
1248	0	1169	1288	117
1249	0	978	230	31
1250	0	839	507	44
1251	0	488	16	13
1252	0	1095	185	57
1253	0	797	975	76
1254	0	216	973	97
1255	0	212	411	34
1256	0	247	762	71
1257	0	185	555	44
1258	0	365	795	76
1259	0	634	11	17
1260	0	610	178	38
1261	0	758	678	60
1262	0	682	815	65
1263	0	99	546	27
1264	0	122	693	36
1265	0	184	683	57
1266	0	800	1959	196
1267	0	359	1527	141
1268	0	501	519	74
1269	0	495	455	74
1270	0	196	916	86
1271	0	571	961	174
1272	0	196	885	110
1273	0	363	1640	125
1274	0	397	1479	131
1275	0	314	1669	132
1276	0	528	1825	151
1277	0	599	1476	156
1278	0	397	1478	131
1279	0	427	481	35
1280	0	701	445	52
1281	0	417	667	49
1282	0	670	228	42
1283	0	128	647	43
1284	0	82	365	30
1285	0	388	1911	144
1286	0	183	683	56
1287	0	354	464	54
1288	0	492	1511	150
1289	0	1272	2087	160
1290	0	1064	1119	108
1291	0	1319	608	88
1292	0	552	367	35
1293	0	625	516	52
1294	0	945	425	68
1295	0	972	1900	170
1296	0	311	868	56
1297	0	788	1098	110
1298	0	435	879	48
1299	0	256	464	21
1300	0	626	1263	102
1301	0	871	539	59
1302	0	538	951	66
1303	0	761	1601	132
1304	0	58	138	34
1305	0	622	733	65
1306	0	119	250	23
1307	0	232	600	65
1308	0	947	1252	161
1309	0	587	1204	99
1310	0	303	619	66
1311	0	349	620	80
1312	0	96	157	12
1313	0	128	191	37
1314	0	125	191	17
1315	0	543	308	51
1316	0	695	640	60
1317	0	821	420	70
1318	0	506	886	57
1319	0	964	530	78
1320	0	329	273	33
1321	0	518	695	63
1322	0	596	587	53
1323	0	1208	1439	139
1324	0	396	1973	114
1325	0	728	680	62
1326	0	700	1179	105
1327	0	1721	294	112
1328	0	418	1829	120
1329	0	510	869	80
1330	0	356	781	55
1331	0	1699	2165	160
1332	0	286	723	32
1333	0	643	1194	74
1334	0	1036	1805	131
1335	0	752	344	56
1336	0	671	1282	103
1337	0	581	1309	93
1338	0	436	1655	109
1339	0	483	192	39
1340	0	570	2035	119
1341	0	320	1430	89
1342	0	1014	1030	114
1343	0	926	1532	137
1344	0	594	1189	67
1345	0	545	865	65
1346	0	1801	639	103
1347	0	110	423	39
1348	0	309	1057	116
1349	0	234	900	65
1350	0	205	886	65
1351	0	161	379	44
1352	0	350	1152	122
1353	0	251	602	78
1354	0	519	1282	113
1355	0	173	379	59
1356	0	179	587	60
1357	0	162	380	44
1358	0	545	1590	170
1359	0	502	1240	127
1360	0	194	499	61
1361	0	457	476	83
1362	0	476	1393	120
1363	0	72	443	42
1364	0	3038	2080	249
1365	0	1016	611	82
1366	0	97	483	14
1367	0	2717	1666	133
1368	0	2233	1447	86
1369	0	318	738	42
1370	0	658	1051	78
1371	0	321	415	37
1372	0	501	787	57
1373	0	3568	1563	212
1374	0	365	842	51
1375	0	882	914	85
1376	0	67	470	21
1377	0	553	625	62
1378	0	1511	1215	123
1379	0	533	699	53
1380	0	551	827	94
1381	0	1601	1616	101
1382	0	383	512	29
1383	0	717	606	52
1384	0	974	240	40
1385	0	710	448	40
1386	0	1140	761	50
1387	0	383	511	29
1388	0	1443	1133	71
1389	0	333	149	22
1390	0	1219	74	37
1391	0	711	448	40
1392	0	307	150	17
1393	0	366	122	9
1394	0	1190	126	43
1395	0	307	150	17
1396	0	716	605	52
1397	0	1157	1327	91
1398	0	279	1093	119
1399	0	113	233	18
1400	0	607	1383	151
1401	0	685	1422	174
1402	0	263	601	73
1403	0	360	747	75
1404	0	151	393	42
1405	0	309	1474	131
1406	0	147	265	15
1407	0	252	398	39
1408	0	283	510	73
1409	0	362	801	111
1410	0	673	649	81
1411	0	289	934	71
1412	0	979	1221	123
1413	0	547	879	81
1414	0	362	870	91
1415	0	506	830	101
1416	0	764	468	91
1417	0	484	442	73
1418	0	494	1152	103
1419	0	198	697	71
1420	0	534	508	78
1421	0	293	1398	142
1422	0	321	1004	94
1423	0	137	385	24
1424	0	422	1135	101
1425	0	161	605	47
1426	0	195	1034	74
1427	0	147	1102	57
1428	0	154	532	45
1429	0	974	142	65
1430	0	218	929	135
1431	0	553	870	127
1432	0	273	1699	108
1433	0	363	568	74
1434	0	126	566	52
1435	0	341	523	65
1436	0	274	1069	96
1437	0	162	953	75
1438	0	269	584	76
1439	0	246	596	57
1440	0	218	1461	89
1441	0	288	1857	121
1442	0	189	569	40
1443	0	154	585	59
1444	0	284	1500	124
1445	0	298	800	86
1446	0	355	1419	87
1447	0	261	877	81
1448	0	283	888	79
1449	0	586	755	127
1450	0	458	1010	112
1451	0	442	1328	97
1452	0	182	1030	65
1453	0	611	2009	112
1454	0	646	1666	66
1455	0	368	1130	93
1456	0	166	577	43
1457	0	236	865	88
1458	0	127	833	76
1459	0	444	1228	104
1460	0	665	876	111
1461	0	272	1031	70
1462	0	227	697	88
1463	0	275	582	59
1464	0	232	502	93
1465	0	306	1823	138
1466	0	1042	110	20
1467	0	677	39	21
1468	0	477	782	38
1469	0	814	983	44
1470	0	758	1940	71
1471	0	521	97	32
1472	0	709	266	27
1473	0	478	1319	73
1474	0	418	947	55
1475	0	1537	103	32
1476	0	1194	1359	102
1477	0	1888	2491	133
1478	0	403	357	18
1479	0	1423	1099	116
1480	0	566	26	17
1481	0	1559	1454	108
1482	0	434	758	39
1483	0	442	9	12
1484	0	840	831	58
1485	0	446	825	47
1486	0	877	339	42
1487	0	983	88	38
1488	0	489	1025	47
1489	0	460	394	47
1490	0	412	1527	112
1491	0	230	1034	79
1492	0	297	1247	64
1493	0	369	1793	98
1494	0	141	775	40
1495	0	103	635	41
1496	0	466	1417	110
1497	0	531	1828	136
1498	0	119	460	48
1499	0	157	988	54
1500	0	92	762	32
1501	0	245	1238	74
1502	0	712	1359	99
1503	0	94	813	53
1504	0	568	595	58
1505	0	817	875	74
1506	0	278	1223	96
1507	0	517	856	72
1508	0	418	1133	101
1509	0	226	1043	92
1510	0	365	1393	98
1511	0	509	1510	76
1512	0	792	763	76
1513	0	895	963	100
1514	0	895	964	101
1515	0	516	855	71
1516	0	556	938	92
1517	0	177	867	67
1518	0	429	212	36
1519	0	793	764	77
1520	0	769	693	78
1521	0	457	1699	105
1522	0	754	1566	122
1523	0	769	693	78
1524	0	206	759	72
1525	0	515	1256	98
1526	0	417	1132	101
1527	0	769	693	78
1528	0	254	937	70
1529	0	557	938	93
1530	0	884	1416	141
1531	0	556	1209	121
1532	0	578	1646	149
1533	0	1426	2496	210
1534	0	466	644	73
1535	0	689	772	126
1536	0	650	1394	171
1537	0	2134	4145	249
1538	0	723	1609	208
1539	0	922	2007	256
1540	0	1061	2323	210
1541	0	810	2146	189
1542	0	1190	2771	221
1543	0	1562	1963	272
1544	0	595	1268	127
1545	0	780	2129	277
1546	0	1223	2176	220
1547	0	4108	6111	583
1548	0	534	404	73
1549	0	298	871	79
1550	0	569	1435	178
1551	0	320	656	77
1552	0	292	522	40
1553	0	547	1248	103
1554	0	1023	1841	136
1555	0	233	579	37
1556	0	242	987	48
1557	0	251	1231	53
1558	0	1083	2282	167
1559	0	1062	2581	147
1560	0	715	962	94
1561	0	397	872	78
1562	0	1001	1469	145
1563	0	430	985	48
1564	0	1425	982	100
1565	0	589	980	84
1566	0	945	2164	130
1567	0	458	1209	74
1568	0	664	876	82
1569	0	417	1226	47
1570	0	298	108	14
1571	0	752	1411	83
1572	0	699	2028	133
1573	0	922	1441	139
1574	0	808	1664	112
1575	0	338	730	62
1576	0	759	866	126
1577	0	107	198	16
1578	0	360	970	77
1579	0	187	528	49
1580	0	458	1096	76
1581	0	602	1360	143
1582	0	648	1522	138
1583	0	132	439	23
1584	0	115	301	32
1585	0	57	263	19
1586	0	33	115	9
1587	0	197	627	43
1588	0	356	842	94
1589	0	107	415	35
1590	0	73	165	14
1591	0	76	265	25
1592	0	23	71	8
1593	0	44	76	8
1594	0	210	671	67
1595	0	937	3038	278
1596	0	67	328	22
1597	0	21	128	10
1598	0	72	423	34
1599	0	67	336	31
1600	0	288	646	44
1601	0	39	175	6
1602	0	13	206	8
1603	0	116	189	28
1604	0	1376	1790	231
1605	0	70	34	4
1606	0	463	492	68
1607	0	1751	1039	213
1608	0	1334	988	141
1609	0	26	196	13
1610	0	1229	2011	243
1611	0	221	317	24
1612	0	38	88	9
1613	0	452	622	80
1614	0	319	464	38
1615	0	350	188	33
1616	0	301	277	42
1617	0	231	614	64
1618	0	153	424	41
1619	0	439	511	34
1620	0	1247	449	51
1621	0	440	208	33
1622	0	730	201	40
1623	0	115	141	13
1624	0	158	75	12
1625	0	1019	122	15
1626	0	217	216	14
1627	0	175	193	17
1628	0	91	75	9
1629	0	305	169	17
1630	0	1214	2919	194
1631	0	332	1990	107
1632	0	387	1218	113
1633	0	303	1401	97
1634	0	926	1819	145
1635	0	521	2371	167
1636	0	605	727	69
1637	0	424	1210	92
1638	0	285	1309	77
1639	0	325	1870	90
1640	0	532	2788	138
1641	0	545	769	106
1642	0	309	1577	74
1643	0	116	467	38
1644	0	425	2150	167
1645	0	296	198	14
1646	0	201	268	9
1647	0	113	62	8
1648	0	226	324	11
1649	0	57	146	8
1650	0	436	322	46
1651	0	317	1806	103
1652	0	183	506	44
1653	0	875	3103	159
1654	0	321	1461	92
1655	0	192	674	53
1656	0	916	222	66
1657	0	416	593	73
1658	0	95	425	47
1659	0	122	1065	75
1660	0	354	1396	89
1661	0	416	1587	169
1662	0	186	549	39
1663	0	520	525	84
1664	0	142	1387	97
1665	0	279	1537	121
1666	0	221	1106	72
1667	0	773	2605	143
1668	0	373	1733	154
1669	0	295	1434	125
1670	0	695	2121	132
1671	0	602	259	56
1672	0	346	311	67
1673	0	97	739	51
1674	0	139	113	11
1675	0	699	229	55
1676	0	494	133	53
1677	0	139	1122	67
1678	0	90	40	7
1679	0	170	296	27
1680	0	60	281	12
1681	0	527	869	69
1682	0	437	389	44
1683	0	652	460	42
1684	0	70	325	27
1685	0	85	291	26
1686	0	415	1600	158
1687	0	490	1865	182
1688	0	384	1263	134
1689	0	129	447	34
1690	0	129	445	34
1691	0	118	589	50
1692	0	276	860	73
1693	0	207	716	75
1694	0	210	725	76
1695	0	119	589	50
1696	0	210	648	65
1697	0	282	648	71
1698	0	281	648	71
1699	0	210	648	65
1700	0	210	648	65
1701	0	234	966	76
1702	0	1349	2637	332
1703	0	1366	3641	327
1704	0	1202	2263	200
1705	0	1415	2075	133
1706	0	941	2602	241
1707	0	157	730	46
1708	0	207	1089	60
1709	0	479	1062	102
1710	0	941	2163	236
1711	0	144	664	57
1712	0	706	2339	234
1713	0	155	838	54
1714	0	615	228	32
1715	0	163	152	10
1716	0	303	78	16
1717	0	416	221	27
1718	0	576	209	35
1719	0	250	48	18
1720	0	1189	454	62
1721	0	911	417	50
1722	0	309	257	23
1723	0	702	566	47
1724	0	832	58	42
1725	0	345	150	16
1726	0	132	679	50
1727	0	474	1192	150
1728	0	890	1171	153
1729	0	98	277	15
1730	0	382	1661	194
1731	0	1155	864	137
1732	0	1230	854	125
1733	0	976	1577	166
1734	0	1015	1003	158
1735	0	429	1614	135
1736	0	863	1036	158
1737	0	673	2197	219
1738	0	1788	4810	406
1739	0	1325	2713	339
1740	0	1395	2233	301
1741	0	1466	3729	338
1742	0	584	1091	113
1743	0	855	568	90
1744	0	667	330	65
1745	0	775	1549	156
1746	0	914	2124	137
1747	0	498	1677	145
1748	0	357	1008	111
1749	0	1068	1727	162
1750	0	766	2315	217
1751	0	369	911	96
1752	0	660	41	28
1753	0	855	471	102
1754	0	544	845	104
1755	0	584	1196	128
1756	0	279	736	70
1757	0	525	1169	120
1758	0	911	306	16
1759	0	1454	150	41
1760	0	537	170	19
1761	0	1189	75	36
1762	0	285	1152	92
1763	0	311	516	60
1764	0	1752	2240	243
1765	0	877	1275	183
1766	0	791	976	117
1767	0	287	1637	140
1768	0	403	1198	110
1769	0	1488	2584	225
1770	0	325	1973	147
1771	0	712	1929	142
1772	0	831	243	70
1773	0	451	1106	118
1774	0	235	1077	91
1775	0	370	588	39
1776	0	790	678	45
1777	0	1239	50	30
1778	0	213	167	11
1779	0	787	725	61
1780	0	133	510	15
1781	0	259	169	8
1782	0	163	121	8
1783	0	1169	909	71
1784	0	778	23	37
1785	0	2640	131	69
1786	0	1178	853	90
1787	0	267	535	23
1788	0	792	1979	188
1789	0	482	1718	145
1790	0	921	1950	176
1791	0	839	2078	175
1792	0	826	2424	189
1793	0	475	1592	147
1794	0	792	403	80
1795	0	558	1065	118
1796	0	218	558	33
1797	0	338	430	26
1798	0	789	823	48
1799	0	425	382	40
1800	0	577	395	87
1801	0	394	1571	121
1802	0	252	799	76
1803	0	1259	1827	203
1804	0	722	1716	166
1805	0	932	2154	162
1806	0	599	599	91
1807	0	646	1052	128
1808	0	416	371	68
1809	0	636	2032	151
1810	0	928	701	103
1811	0	769	1475	108
1812	0	1267	1761	167
1813	0	509	1014	97
1814	0	486	780	118
1815	0	768	1182	162
1816	0	377	408	91
1817	0	557	838	108
1818	0	1446	2424	259
1819	0	1162	2278	229
1820	0	409	1490	102
1821	0	559	589	87
1822	0	519	1493	138
1823	0	862	1479	163
1824	0	776	2705	206
1825	0	465	1247	122
1826	0	365	662	71
1827	0	1109	1081	166
1828	0	686	1108	137
1829	0	305	818	85
1830	0	1016	1809	173
1831	0	525	134	39
1832	0	300	494	35
1833	0	835	464	53
1834	0	271	319	24
1835	0	824	859	74
1836	0	1103	1328	121
1837	0	1536	1760	214
1838	0	637	264	36
1839	0	890	913	140
1840	0	704	343	93
1841	0	1741	3472	292
1842	0	3787	2225	391
1843	0	1697	2429	179
1844	0	1980	3740	291
1845	0	1187	1669	140
1846	0	422	552	75
1847	0	516	496	67
1848	0	483	588	84
1849	0	781	801	136
1850	0	2015	2453	277
1851	0	535	973	81
1852	0	216	167	35
1853	0	765	79	27
1854	0	1417	1632	210
1855	0	2240	2101	203
1856	0	1161	1453	176
1857	0	188	534	67
1858	0	311	561	51
1859	0	362	292	32
1860	0	182	458	31
1861	0	619	567	76
1862	0	537	407	53
1863	0	243	459	33
1864	0	591	1319	93
1865	0	177	1292	91
1866	0	121	653	37
1867	0	529	2091	143
1868	0	288	1459	123
1869	0	471	464	62
1870	0	278	545	53
1871	0	844	974	125
1872	0	657	1410	111
1873	0	305	917	103
1874	0	457	1715	159
1875	0	787	2380	225
1876	0	2560	2925	460
1877	0	751	1916	264
1878	0	742	184	64
1879	0	963	2184	203
1880	0	1804	2108	264
1881	0	890	2403	222
1882	0	1882	2680	340
1883	0	783	1283	185
1884	0	642	1819	158
1885	0	185	903	86
1886	0	207	485	42
1887	0	549	1937	230
1888	0	602	1518	176
1889	0	231	891	93
1890	0	288	1158	134
1891	0	118	639	61
1892	0	356	1244	152
1893	0	1072	1756	183
1894	0	339	1086	120
1895	0	515	2055	208
1896	0	1412	197	93
1897	0	928	724	101
1898	0	3198	2689	346
1899	0	215	545	25
1900	0	726	584	71
1901	0	369	367	38
1902	0	484	817	58
1903	0	546	1206	85
1904	0	1062	2483	177
1905	0	1479	1265	153
1906	0	1585	247	110
1907	0	671	518	76
1908	0	947	855	96
1909	0	613	340	80
1910	0	913	1798	227
1911	0	186	214	33
1912	0	1351	273	98
1913	0	1005	755	103
1914	0	719	702	83
1915	0	523	362	50
1916	0	1501	2477	252
1917	0	628	498	65
1918	0	725	584	70
1919	0	747	702	75
1920	0	747	702	74
1921	0	242	465	26
1922	0	708	767	80
1923	0	241	465	25
1924	0	325	848	69
1925	0	548	323	83
1926	0	873	1440	124
1927	0	1003	77	63
1928	0	1357	195	74
1929	0	478	546	64
1930	0	1194	207	105
1931	0	1067	1173	143
1932	0	389	635	42
1933	0	581	751	106
1934	0	814	79	70
1935	0	1483	580	95
1936	0	802	473	81
1937	0	768	1351	135
1938	0	506	588	32
1939	0	2070	955	153
1940	0	696	683	80
1941	0	921	1187	121
1942	0	1167	1416	178
1943	0	695	694	81
1944	0	1561	155	78
1945	0	1395	822	197
1946	0	856	270	56
1947	0	520	423	59
1948	0	1845	619	106
1949	0	624	722	88
1950	0	1060	522	122
1951	0	1338	1389	112
1952	0	1474	1593	167
1953	0	3169	1386	262
1954	0	1225	302	92
1955	0	955	195	42
1956	0	817	1671	184
1957	0	2130	897	211
1958	0	495	501	53
1959	0	1272	1802	228
1960	0	2163	1490	207
1961	0	1283	648	148
1962	0	1263	972	137
1963	0	952	1823	201
1964	0	688	1426	105
1965	0	952	1525	173
1966	0	435	824	78
1967	0	1170	207	66
1968	0	640	123	53
1969	0	1134	749	75
1970	0	1040	243	62
1971	0	934	295	97
1972	0	2203	161	126
1973	0	1660	2049	220
1974	0	890	1210	137
1975	0	1640	1732	180
1976	0	1667	588	185
1977	0	604	286	55
1978	0	263	175	26
1979	0	1221	448	56
1980	0	636	342	72
1981	0	80	130	14
1982	0	173	136	14
1983	0	59	304	20
1984	0	1104	2339	144
1985	0	555	104	26
1986	0	294	373	45
1987	0	343	278	34
1988	0	589	635	65
1989	0	650	426	75
1990	0	693	288	39
1991	0	339	768	59
1992	0	443	1258	118
1993	0	370	385	53
1994	0	618	664	69
1995	0	480	679	96
1996	0	305	695	45
1997	0	221	287	50
1998	0	289	282	35
1999	0	146	165	22
2000	0	618	664	69
2001	0	210	310	44
2002	0	874	727	99
2003	0	692	288	38
2004	0	240	277	51
2005	0	348	413	55
2006	0	391	684	124
2007	0	718	994	119
2008	0	672	34	43
2009	0	160	96	19
2010	0	492	519	55
2011	0	758	365	34
2012	0	272	288	45
2013	0	278	741	49
2014	0	636	342	73
2015	0	437	638	47
2016	0	344	409	35
2017	0	247	441	64
2018	0	698	1231	107
2019	0	172	198	16
2020	0	1359	1965	241
2021	0	18	47	6
2022	0	21	85	3
2023	0	178	205	28
2024	0	100	244	36
2025	0	520	1369	164
2026	0	970	1439	95
2027	0	845	1354	123
2028	0	1315	1822	163
2029	0	738	948	87
2030	0	165	289	26
2031	0	636	367	88
2032	0	283	393	50
2033	0	90	51	5
2034	0	465	520	66
2035	0	329	726	63
2036	0	215	535	45
2037	0	49	208	13
2038	0	692	1450	108
2039	0	497	726	48
2040	0	155	336	12
2041	0	48	107	7
2042	0	536	1264	92
2043	0	354	267	27
2044	0	111	223	32
2045	0	166	340	41
2046	0	212	456	55
2047	0	480	752	82
2048	0	71	250	10
2049	0	217	335	31
2050	0	413	988	75
2051	0	158	544	53
2052	0	545	661	98
2053	0	849	1169	117
2054	0	738	1643	153
2055	0	667	1582	174
2056	0	442	141	20
2057	0	731	1904	203
2058	0	312	397	41
2059	0	272	463	50
2060	0	924	1003	77
2061	0	1070	1421	127
2062	0	449	671	60
2063	0	1200	695	111
2064	0	543	601	84
2065	0	927	239	60
2066	0	235	607	49
2067	0	212	165	13
2068	0	1329	247	89
2069	0	511	920	84
2070	0	458	359	43
2071	0	235	671	48
2072	0	628	372	77
2073	0	269	357	26
2074	0	433	541	61
2075	0	69	560	27
2076	0	518	555	66
2077	0	488	1028	91
2078	0	434	1186	100
2079	0	708	239	52
2080	0	801	1598	142
2081	0	626	323	48
2082	0	259	507	34
2083	0	622	841	86
2084	0	192	989	77
2085	0	267	349	36
2086	0	299	1052	80
2087	0	69	497	26
2088	0	234	814	54
2089	0	316	555	49
2090	0	86	249	20
2091	0	86	249	20
2092	0	176	642	49
2093	0	355	809	80
2094	0	193	715	61
2095	0	86	249	20
2096	0	355	808	79
2097	0	344	1089	89
2098	0	370	1369	115
2099	0	781	1528	127
2100	0	310	724	73
2101	0	606	969	80
2102	0	1169	1412	141
2103	0	923	1182	159
2104	0	570	890	117
2105	0	126	685	36
2106	0	221	1194	86
2107	0	292	906	84
2108	0	177	760	54
2109	0	412	1816	130
2110	0	397	973	110
2111	0	430	1207	120
2112	0	730	2788	262
2113	0	379	869	90
2114	0	604	605	52
2115	0	1518	719	119
2116	0	1600	77	66
2117	0	1571	180	89
2118	0	842	353	60
2119	0	1363	1945	135
2120	0	981	1280	88
2121	0	851	398	97
2122	0	959	270	68
2123	0	794	739	85
2124	0	1238	1324	174
2125	0	7	15	1
2126	0	1296	116	66
2127	0	1086	339	79
2128	0	789	161	67
2129	0	819	301	97
2130	0	1365	414	129
2131	0	924	954	111
2132	0	752	200	52
2133	0	1269	221	92
2134	0	1915	2314	201
2135	0	2936	2643	325
2136	0	3275	1517	298
2137	0	1624	1297	185
2138	0	1590	2056	220
2139	0	1136	1815	159
2140	0	1159	1043	160
2141	0	919	2122	189
2142	0	838	417	80
2143	0	795	1122	65
2144	0	963	1087	94
2145	0	566	1034	40
2146	0	1096	200	70
2147	0	966	1093	108
2148	0	813	997	104
2149	0	1962	837	179
2150	0	1138	1375	134
2151	0	1774	175	99
2152	0	2101	577	179
2153	0	1398	765	108
2154	0	2176	737	144
2155	0	1389	956	138
2156	0	1134	817	95
2157	0	858	852	76
2158	0	785	477	106
2159	0	2074	554	163
2160	0	627	688	68
2161	0	2210	393	138
2162	0	2002	481	132
2163	0	1628	662	113
2164	0	4060	2711	307
2165	0	1973	2381	228
2166	0	586	1686	77
2167	0	3809	2282	435
2168	0	842	1456	113
2169	0	1264	1040	141
2170	0	3364	1926	336
2171	0	1424	133	97
2172	0	1186	850	135
2173	0	1542	79	71
2174	0	1233	597	118
2175	0	495	576	53
2176	0	990	1156	88
2177	0	651	1020	95
2178	0	1051	1515	112
2179	0	2887	599	148
2180	0	2919	655	170
2181	0	2447	3031	409
2182	0	2545	1616	225
2183	0	1600	521	130
2184	0	1334	169	119
2185	0	1695	602	116
2186	0	1675	142	76
2187	0	985	38	44
2188	0	843	38	60
2189	0	934	1273	118
2190	0	763	322	54
2191	0	825	213	64
2192	0	1035	322	92
2193	0	1188	201	86
2194	0	1911	70	61
2195	0	754	844	80
2196	0	810	726	101
2197	0	948	1079	98
2198	0	597	621	72
2199	0	1187	232	80
2200	0	1171	1867	125
2201	0	1095	122	100
2202	0	482	907	30
2203	0	584	800	48
2204	0	559	382	65
2205	0	1211	90	49
2206	0	1091	419	81
2207	0	1343	319	78
2208	0	1402	197	76
2209	0	643	216	55
2210	0	1673	322	92
2211	0	1351	786	116
2212	0	1006	825	70
2213	0	938	525	95
2214	0	1064	234	79
2215	0	1103	288	83
2216	0	553	257	55
2217	0	1062	859	160
2218	0	726	317	62
2219	0	2785	1657	301
2220	0	1002	200	67
2221	0	1785	179	120
2222	0	455	253	48
2223	0	554	534	49
2224	0	574	819	78
2225	0	879	341	78
2226	0	1484	256	94
2227	0	1309	174	96
2228	0	1347	45	61
2229	0	651	539	63
2230	0	562	614	46
2231	0	1312	2202	192
2232	0	2145	2389	335
2233	0	3711	647	195
2234	0	658	994	85
2235	0	1565	2469	220
2236	0	1621	451	126
2237	0	3616	3460	446
2238	0	1089	1415	139
2239	0	1675	2144	190
2240	0	1861	270	84
2241	0	1331	135	110
2242	0	786	449	63
2243	0	1285	1819	149
2244	0	754	1020	56
2245	0	474	910	34
2246	0	1133	1403	125
2247	0	2222	848	227
2248	0	1658	2426	295
2249	0	1602	2352	220
2250	0	1139	200	131
2251	0	947	347	82
2252	0	1581	466	149
2253	0	1401	74	83
2254	0	556	657	55
2255	0	620	660	91
2256	0	852	1202	101
2257	0	1570	2593	327
2258	0	660	720	95
2259	0	3003	1469	239
2260	0	2729	869	202
2261	0	1541	869	106
2262	0	1415	2217	226
2263	0	1374	1825	232
2264	0	3468	444	148
2265	0	4677	1622	344
2266	0	5059	1362	294
2267	0	563	1107	23
2268	0	959	287	94
2269	0	1078	450	136
2270	0	977	1518	110
2271	0	1027	1154	126
2272	0	2233	1338	263
2273	0	1348	126	74
2274	0	622	752	125
2275	0	1843	763	162
2276	0	2610	374	125
2277	0	1763	658	134
2278	0	1066	1345	151
2279	0	695	636	44
2280	0	955	933	67
2281	0	1749	438	134
2282	0	891	301	87
2283	0	1590	1652	216
2284	0	674	1253	159
2285	0	3	42	1
2286	0	56	98	14
2287	0	734	736	112
2288	0	885	488	119
2289	0	1355	72	86
2290	0	1347	144	103
2291	0	830	406	65
2292	0	1445	478	107
2293	0	2176	447	120
2294	0	1743	100	83
2295	0	1552	644	138
2296	0	1144	258	87
2297	0	1173	174	86
2298	0	1053	709	110
2299	0	554	853	79
2300	0	589	1094	51
2301	0	974	872	130
2302	0	2734	1285	222
2303	0	595	645	64
2304	0	612	1093	104
2305	0	983	2162	177
2306	0	3490	971	214
2307	0	1498	796	130
2308	0	2854	1819	227
2309	0	981	742	115
2310	0	125	21	5
2311	0	352	577	76
2312	0	152	188	18
2313	0	1375	1158	129
2314	0	1381	1707	140
2315	0	552	782	58
2316	0	981	1568	138
2317	0	990	2413	158
2318	0	707	1866	120
2319	0	898	1624	142
2320	0	827	1415	112
2321	0	501	868	86
2322	0	1376	1159	130
2323	0	609	2130	169
2324	0	360	889	71
2325	0	719	1371	146
2326	0	553	782	58
2327	0	393	1359	70
2328	0	783	1813	159
2329	0	469	1882	139
2330	0	719	1371	146
2331	0	303	547	65
2332	0	453	978	90
2333	0	100	199	20
2334	0	540	1215	126
2335	0	621	1044	92
2336	0	479	1188	120
2337	0	68	223	19
2338	0	293	470	46
2339	0	454	887	83
2340	0	387	938	89
2341	0	73	315	29
2342	0	126	356	30
2343	0	381	879	86
2344	0	303	624	69
2345	0	555	1012	128
2346	0	534	1029	132
2347	0	345	857	70
2348	0	435	699	73
2349	0	206	761	44
2350	0	241	1050	68
2351	0	483	1839	118
2352	0	159	779	55
2353	0	465	1820	149
2354	0	127	321	19
2355	0	126	456	34
2356	0	250	903	60
2357	0	187	1001	65
2358	0	148	709	59
2359	0	81	353	26
2360	0	308	1089	92
2361	0	220	1162	80
2362	0	137	352	27
2363	0	207	701	51
2364	0	293	1210	90
2365	0	144	470	31
2366	0	210	150	14
2367	0	502	1108	124
2368	0	776	1973	122
2369	0	336	1308	99
2370	0	3740	7907	558
2371	0	779	1991	189
2372	0	453	1034	102
2373	0	885	2139	160
2374	0	865	1493	180
2375	0	482	82	45
2376	0	840	1342	170
2377	0	1081	2574	234
2378	0	788	1504	150
2379	0	274	1493	119
2380	0	1230	2037	247
2381	0	500	1435	80
2382	0	411	1060	111
2383	0	427	813	107
2384	0	666	1280	153
2385	0	659	150	53
2386	0	424	175	54
2387	0	581	1706	129
2388	0	268	975	99
2389	0	386	953	74
2390	0	275	991	65
2391	0	928	654	114
2392	0	217	1729	101
2393	0	275	1249	92
2394	0	564	246	52
2395	0	392	293	63
2396	0	711	375	102
2397	0	317	978	98
2398	0	320	1312	89
2399	0	620	348	52
2400	0	270	1005	95
2401	0	575	1689	112
2402	0	786	1943	130
2403	0	256	640	67
2404	0	1021	1912	193
2405	0	1008	2306	226
2406	0	1066	1853	231
2407	0	196	1538	85
2408	0	419	1025	93
2409	0	227	1598	93
2410	0	1063	1624	200
2411	0	651	1525	150
2412	0	1361	1739	229
2413	0	575	1109	125
2414	0	280	873	59
2415	0	390	807	90
2416	0	900	909	57
2417	0	690	783	60
2418	0	2286	1804	223
2419	0	1813	1416	123
2420	0	1794	111	75
2421	0	403	45	25
2422	0	3450	1721	339
2423	0	1073	758	99
2424	0	1305	826	109
2425	0	551	493	32
2426	0	2404	1423	190
2427	0	1537	1007	130
2428	0	2853	134	77
2429	0	2094	921	132
2430	0	1776	235	90
2431	0	1314	55	37
2432	0	1333	871	110
2433	0	417	494	28
2434	0	1363	792	90
2435	0	828	704	55
2436	0	1892	1549	151
2437	0	1441	1464	89
2438	0	841	641	68
2439	0	2291	584	118
2440	0	1038	272	43
2441	0	920	633	46
2442	0	651	1184	30
2443	0	2154	1123	164
2444	0	693	657	41
2445	0	730	614	54
2446	0	785	536	26
2447	0	745	277	25
2448	0	1430	476	77
2449	0	865	511	72
2450	0	2054	2132	224
2451	0	1379	1282	122
2452	0	1054	1664	107
2453	0	1457	1269	179
2454	0	3655	4448	413
2455	0	2167	1859	142
2456	0	3402	2167	304
2457	0	4996	2405	386
2458	0	1415	1352	112
2459	0	1807	1391	170
2460	0	958	401	105
2461	0	1597	707	83
2462	0	471	460	19
2463	0	1494	930	157
2464	0	832	630	93
2465	0	1276	875	78
2466	0	562	497	34
2467	0	915	880	40
2468	0	990	565	86
2469	0	1070	692	84
2470	0	1173	798	102
2471	0	787	610	83
2472	0	2029	1669	161
2473	0	1266	1042	103
2474	0	1063	538	70
2475	0	1204	435	66
2476	0	818	376	72
2477	0	1239	984	130
2478	0	1037	997	69
2479	0	1294	612	97
2480	0	1018	1422	56
2481	0	1340	1072	111
2482	0	1704	1180	118
2483	0	825	515	73
2484	0	1001	577	80
2485	0	1187	800	124
2486	0	978	1158	100
2487	0	1374	1644	169
2488	0	1469	1133	98
2489	0	1177	1118	98
2490	0	1798	1832	187
2491	0	3367	3094	377
2492	0	1499	1662	132
2493	0	1582	1226	155
2494	0	1442	1479	152
2495	0	7405	5143	552
2496	0	1492	1230	173
2497	0	2486	1369	168
2498	0	1053	1131	90
2499	0	2046	2331	219
2500	0	1068	1320	156
2501	0	1056	682	91
2502	0	1271	1636	139
2503	0	805	1428	63
2504	0	390	494	27
2505	0	774	1247	56
2506	0	965	1541	81
2507	0	1871	2710	155
2508	0	1207	1401	88
2509	0	2686	3752	287
2510	0	1386	2011	176
2511	0	1117	1150	101
2512	0	2828	3003	279
2513	0	901	1603	113
2514	0	2878	2968	240
2515	0	971	1361	141
2516	0	1639	1400	172
2517	0	1042	1652	130
2518	0	2050	1105	188
2519	0	1999	2131	140
2520	0	1459	1708	118
2521	0	1031	911	77
2522	0	1557	2306	156
2523	0	2603	1058	257
2524	0	2428	807	145
2525	0	516	421	47
2526	0	1972	113	65
2527	0	1591	629	138
2528	0	1349	460	90
2529	0	863	996	66
2530	0	593	320	52
2531	0	2435	242	76
2532	0	3851	2155	287
2533	0	2390	450	80
2534	0	748	820	47
2535	0	2177	881	118
2536	0	2803	1655	210
2537	0	3355	1577	208
2538	0	381	379	42
2539	0	1495	605	97
2540	0	1536	964	148
2541	0	4797	778	205
2542	0	1424	1236	121
2543	0	1919	313	85
2544	0	821	636	71
2545	0	758	381	62
2546	0	1054	1007	109
2547	0	1099	1026	94
2548	0	1873	958	123
2549	0	1169	539	94
2550	0	994	1379	74
2551	0	1194	419	86
2552	0	729	441	61
2553	0	3002	680	134
2554	0	919	1100	96
2555	0	731	1034	76
2556	0	1246	2290	160
2557	0	1848	2294	204
2558	0	1264	2025	158
2559	0	1507	3183	194
2560	0	206	400	30
2561	0	1231	1343	117
2562	0	2314	2308	205
2563	0	2449	748	136
2564	0	2906	190	106
2565	0	1404	679	109
2566	0	1190	557	84
2567	0	836	711	60
2568	0	885	1120	58
2569	0	1573	64	45
2570	0	1583	409	92
2571	0	1271	566	72
2572	0	1349	1096	113
2573	0	1149	434	96
2574	0	835	846	77
2575	0	2650	635	152
2576	0	1248	1888	151
2577	0	1723	1574	177
2578	0	800	1226	116
2579	0	1101	1708	136
2580	0	2400	3405	285
2581	0	1005	2176	179
2582	0	1131	50	33
2583	0	752	480	41
2584	0	1615	1737	207
2585	0	1568	2729	198
2586	0	1991	1480	136
2587	0	2318	1426	205
2588	0	2927	2186	214
2589	0	1085	937	108
2590	0	1465	1353	135
2591	0	329	673	33
2592	0	891	1292	83
2593	0	1626	991	109
2594	0	785	1006	69
2595	0	1885	1304	169
2596	0	1219	902	112
2597	0	994	663	83
2598	0	1789	1785	130
2599	0	974	1240	91
2600	0	1214	486	109
2601	0	1378	532	115
2602	0	2001	532	170
2603	0	559	544	35
2604	0	974	1074	57
2605	0	2692	488	121
2606	0	1267	239	60
2607	0	72	176	9
2608	0	562	1710	155
2609	0	338	1497	106
2610	0	143	609	29
2611	0	88	154	18
2612	0	521	1494	97
2613	0	143	542	30
2614	0	581	479	38
2615	0	430	1732	99
2616	0	163	645	42
2617	0	876	1453	127
2618	0	544	1175	65
2619	0	577	1715	124
2620	0	337	1594	93
2621	0	56	302	10
2622	0	637	1164	97
2623	0	238	809	41
2624	0	282	1039	77
2625	0	698	1825	90
2626	0	72	176	9
2627	0	27	99	13
2628	0	53	173	12
2629	0	33	133	7
2630	0	143	542	31
2631	0	175	464	31
2632	0	175	463	30
2633	0	634	1723	104
2634	0	342	651	25
2635	0	33	133	7
2636	0	294	179	11
2637	0	181	780	65
2638	0	131	235	18
2639	0	52	172	12
2640	0	33	133	7
2641	0	571	860	62
2642	0	352	761	48
2643	0	638	555	69
2644	0	1767	1453	198
2645	0	3585	3035	401
2646	0	329	385	74
2647	0	1302	77	57
2648	0	1343	51	36
2649	0	320	908	45
2650	0	727	1099	102
2651	0	450	322	32
2652	0	272	461	45
2653	0	347	649	40
2654	0	373	358	63
2655	0	1092	160	49
2656	0	473	20	15
2657	0	3228	3547	343
2658	0	1502	3495	247
2659	0	1044	2052	160
2660	0	1482	574	112
2661	0	2956	3964	378
2662	0	653	1315	92
2663	0	575	806	57
2664	0	663	480	98
2665	0	9259	5333	737
2666	0	2813	960	162
2667	0	1267	165	77
2668	0	1491	208	70
2669	0	1465	519	108
2670	0	2822	1477	284
2671	0	728	1413	96
2672	0	1572	501	127
2673	0	3016	2084	287
2674	0	1087	591	98
2675	0	672	996	81
2676	0	1960	2072	184
2677	0	687	1097	92
2678	0	1444	604	97
2679	0	436	1245	77
2680	0	651	492	64
2681	0	450	240	54
2682	0	912	565	76
2683	0	653	154	35
2684	0	1896	585	128
2685	0	1297	341	87
2686	0	497	342	62
2687	0	879	421	79
2688	0	5735	2110	413
2689	0	196	346	44
2690	0	577	831	138
2691	0	493	919	122
2692	0	751	680	193
